portfolio,month,date,nav,external_capital,monthly_twr_pct,cumulative_twr_pct,status
V0,2014-07,2014-07-31,103491.3118476476,102500.0,,,ND_MISSING_EXACT_MARK
V0,2014-08,2014-08-29,118812.39837634894,105000.0,12.11385762823054,,EXACT_FLOW_ADJUSTED_TWR
V0,2014-09,2014-09-30,110047.16775189163,107500.0,-9.286461395197598,,EXACT_FLOW_ADJUSTED_TWR
V0,2014-10,2014-10-31,113182.0076317497,110000.0,0.5075816667901911,,EXACT_FLOW_ADJUSTED_TWR
V0,2014-11,2014-11-28,119331.37336846792,112500.0,3.136188391428063,,EXACT_FLOW_ADJUSTED_TWR
V0,2014-12,2014-12-30,115971.3120743196,115000.0,-4.891490698697765,,EXACT_FLOW_ADJUSTED_TWR
V0,2015-01,2015-01-30,107062.19681926395,117500.0,,,ND_MISSING_EXACT_MARK
V0,2015-02,2015-02-27,120263.35283653787,120000.0,9.807214377832008,,EXACT_FLOW_ADJUSTED_TWR
V0,2015-03,2015-03-31,123265.26429641852,122500.0,0.3925670253774882,,EXACT_FLOW_ADJUSTED_TWR
V0,2015-04,2015-04-30,133397.14118199903,125000.0,6.116512700635668,,EXACT_FLOW_ADJUSTED_TWR
V0,2015-05,2015-05-29,128869.68394581335,127500.0,-5.14878085411512,,EXACT_FLOW_ADJUSTED_TWR
V0,2015-06,2015-06-30,131677.12527588528,130000.0,0.2521700543600458,,EXACT_FLOW_ADJUSTED_TWR
V0,2015-07,2015-07-31,131430.76707912804,132500.0,-2.050646669376599,,EXACT_FLOW_ADJUSTED_TWR
V0,2015-08,2015-08-31,116233.20931574791,135000.0,-13.217471666715442,,EXACT_FLOW_ADJUSTED_TWR
V0,2015-09,2015-09-30,115474.84703349211,137500.0,-2.8049861875490967,,EXACT_FLOW_ADJUSTED_TWR
V0,2015-10,2015-10-30,122049.18903243556,140000.0,3.4395649775142534,,EXACT_FLOW_ADJUSTED_TWR
V0,2015-11,2015-11-30,124998.63567114584,142500.0,0.43849513688807296,,EXACT_FLOW_ADJUSTED_TWR
V0,2015-12,2015-12-30,123704.7431628717,145000.0,-2.9781402453879724,,EXACT_FLOW_ADJUSTED_TWR
V0,2016-01,2016-01-29,120658.63676639946,147500.0,-4.466692941052964,,EXACT_FLOW_ADJUSTED_TWR
V0,2016-02,2016-02-29,130921.45981054688,150000.0,6.349978845315651,,EXACT_FLOW_ADJUSTED_TWR
V0,2016-03,2016-03-31,159013.806260094,152500.0,19.233016559279537,,EXACT_FLOW_ADJUSTED_TWR
V0,2016-04,2016-04-29,168218.4916731072,155000.0,4.162721448828255,,EXACT_FLOW_ADJUSTED_TWR
V0,2016-05,2016-05-31,164316.66654875482,157500.0,-3.760606863164395,,EXACT_FLOW_ADJUSTED_TWR
V0,2016-06,2016-06-30,183436.3499117126,160000.0,9.963314659467649,,EXACT_FLOW_ADJUSTED_TWR
V0,2016-07,2016-07-29,212846.57332701795,162500.0,14.473930565557458,,EXACT_FLOW_ADJUSTED_TWR
V0,2016-08,2016-08-31,215878.61415090397,165000.0,0.23786124199933756,,EXACT_FLOW_ADJUSTED_TWR
V0,2016-09,2016-09-30,218410.90180875803,167500.0,0.026762488689624497,,EXACT_FLOW_ADJUSTED_TWR
V0,2016-10,2016-10-31,247110.58861667302,170000.0,11.875975651830583,,EXACT_FLOW_ADJUSTED_TWR
V0,2016-11,2016-11-30,225748.77888757095,172500.0,-9.582857116380449,,EXACT_FLOW_ADJUSTED_TWR
V0,2016-12,2016-12-29,227013.87629898626,175000.0,-0.5967961783467368,,EXACT_FLOW_ADJUSTED_TWR
V0,2017-01,2017-01-31,257100.1067183964,177500.0,12.01789759990306,,EXACT_FLOW_ADJUSTED_TWR
V0,2017-02,2017-02-24,275223.415096081,180000.0,6.018324756290228,,EXACT_FLOW_ADJUSTED_TWR
V0,2017-03,2017-03-31,271785.26205400034,182500.0,-2.1342782076293587,,EXACT_FLOW_ADJUSTED_TWR
V0,2017-04,2017-04-28,269109.8194432017,185000.0,-1.88121707477239,,EXACT_FLOW_ADJUSTED_TWR
V0,2017-05,2017-05-31,263486.0119896376,187500.0,-2.9709114477372456,,EXACT_FLOW_ADJUSTED_TWR
V0,2017-06,2017-06-30,266003.79755561537,190000.0,-0.0038081091469965855,,EXACT_FLOW_ADJUSTED_TWR
V0,2017-07,2017-07-31,281642.52708387753,192500.0,4.900781008382982,,EXACT_FLOW_ADJUSTED_TWR
V0,2017-08,2017-08-31,300454.1100920337,195000.0,5.748081636727709,,EXACT_FLOW_ADJUSTED_TWR
V0,2017-09,2017-09-29,311218.0820327553,197500.0,2.7379637081117902,,EXACT_FLOW_ADJUSTED_TWR
V0,2017-10,2017-10-31,305022.738254754,200000.0,-2.7710628993035447,,EXACT_FLOW_ADJUSTED_TWR
V0,2017-11,2017-11-30,290397.6866475354,202500.0,-5.575757132330262,,EXACT_FLOW_ADJUSTED_TWR
V0,2017-12,2017-12-28,308291.3456301193,205000.0,5.256935680463304,,EXACT_FLOW_ADJUSTED_TWR
V0,2018-01,2018-01-31,340270.9049879197,207500.0,9.49332017472404,,EXACT_FLOW_ADJUSTED_TWR
V0,2018-02,2018-02-28,351581.532178806,210000.0,2.5737702556886344,,EXACT_FLOW_ADJUSTED_TWR
V0,2018-03,2018-03-29,359943.9575447768,212500.0,1.6576730452889876,,EXACT_FLOW_ADJUSTED_TWR
V0,2018-04,2018-04-30,362101.16576333885,215000.0,-0.10303641448001777,,EXACT_FLOW_ADJUSTED_TWR
V0,2018-05,2018-05-30,323132.7877417217,217500.0,-11.38325913738032,,EXACT_FLOW_ADJUSTED_TWR
V0,2018-06,2018-06-29,310265.81511099596,220000.0,-4.70515982213281,,EXACT_FLOW_ADJUSTED_TWR
V0,2018-07,2018-07-31,328584.9916551028,222500.0,5.058711644009994,,EXACT_FLOW_ADJUSTED_TWR
V0,2018-08,2018-08-31,323482.4160307281,225000.0,-2.2909786745026195,,EXACT_FLOW_ADJUSTED_TWR
V0,2018-09,2018-09-28,326909.9190248208,227500.0,0.28260546911298423,,EXACT_FLOW_ADJUSTED_TWR
V0,2018-10,2018-10-31,384182.73843921896,230000.0,16.617307566002324,,EXACT_FLOW_ADJUSTED_TWR
V0,2018-11,2018-11-30,415381.31873621047,232500.0,7.434850486956579,,EXACT_FLOW_ADJUSTED_TWR
V0,2018-12,2018-12-28,431620.11560417357,235000.0,3.291172296336753,,EXACT_FLOW_ADJUSTED_TWR
V0,2019-01,2019-01-31,497900.49661878176,237500.0,14.711121495477508,,EXACT_FLOW_ADJUSTED_TWR
V0,2019-02,2019-02-28,487546.98946280277,240000.0,-2.567060319946435,,EXACT_FLOW_ADJUSTED_TWR
V0,2019-03,2019-03-29,489057.06637101824,242500.0,-0.20418763188433386,,EXACT_FLOW_ADJUSTED_TWR
V0,2019-04,2019-04-30,511484.6935086279,245000.0,4.055691872429068,,EXACT_FLOW_ADJUSTED_TWR
V0,2019-05,2019-05-31,529219.3009300091,247500.0,2.9636522038055446,,EXACT_FLOW_ADJUSTED_TWR
V0,2019-06,2019-06-28,547212.7507220055,250000.0,2.9159651847878276,,EXACT_FLOW_ADJUSTED_TWR
V0,2019-07,2019-07-31,556384.6812475547,252500.0,1.2130448155539542,,EXACT_FLOW_ADJUSTED_TWR
V0,2019-08,2019-08-30,570147.2842146615,255000.0,2.0176074731523386,,EXACT_FLOW_ADJUSTED_TWR
V0,2019-09,2019-09-30,572939.8278900128,257500.0,0.05021789641428409,,EXACT_FLOW_ADJUSTED_TWR
V0,2019-10,2019-10-31,584342.0022859774,260000.0,1.5434025413241237,,EXACT_FLOW_ADJUSTED_TWR
V0,2019-11,2019-11-29,597458.7480707505,262500.0,1.8116963586472412,,EXACT_FLOW_ADJUSTED_TWR
V0,2019-12,2019-12-30,654971.0145816362,265000.0,9.169178916993692,,EXACT_FLOW_ADJUSTED_TWR
V0,2020-01,2020-01-31,667917.433783854,267500.0,1.5936465943479972,,EXACT_FLOW_ADJUSTED_TWR
V0,2020-02,2020-02-28,630159.8271056092,270000.0,-6.001805297442853,,EXACT_FLOW_ADJUSTED_TWR
V0,2020-03,2020-03-31,454005.0431176423,272500.0,-28.233732879001817,,EXACT_FLOW_ADJUSTED_TWR
V0,2020-04,2020-04-30,471386.135808971,275000.0,3.2410388742506013,,EXACT_FLOW_ADJUSTED_TWR
V0,2020-05,2020-05-29,507383.48961420916,277500.0,7.061676318318821,,EXACT_FLOW_ADJUSTED_TWR
V0,2020-06,2020-06-30,536082.504612645,280000.0,5.140481976947453,,EXACT_FLOW_ADJUSTED_TWR
V0,2020-07,2020-07-31,570170.4389401216,282500.0,5.8711943108024744,,EXACT_FLOW_ADJUSTED_TWR
V0,2020-08,2020-08-31,531091.9925759329,285000.0,-7.264183400750445,,EXACT_FLOW_ADJUSTED_TWR
V0,2020-09,2020-09-30,506774.6245397014,287500.0,-5.016827489742093,,EXACT_FLOW_ADJUSTED_TWR
V0,2020-10,2020-10-30,504019.38378833665,290000.0,-1.029320984703963,,EXACT_FLOW_ADJUSTED_TWR
V0,2020-11,2020-11-30,565103.7233994401,292500.0,11.57510557693171,,EXACT_FLOW_ADJUSTED_TWR
V0,2020-12,2020-12-30,615417.3464186684,295000.0,8.435323892614743,,EXACT_FLOW_ADJUSTED_TWR
V0,2021-01,2021-01-29,575937.8633218798,297500.0,-6.798109043682765,,EXACT_FLOW_ADJUSTED_TWR
V0,2021-02,2021-02-26,531855.3915352725,300000.0,-8.047250787170535,,EXACT_FLOW_ADJUSTED_TWR
V0,2021-03,2021-03-31,578212.4398848761,302500.0,8.200742514480686,,EXACT_FLOW_ADJUSTED_TWR
V0,2021-04,2021-04-30,572041.7284155953,305000.0,-1.5009974457966813,,EXACT_FLOW_ADJUSTED_TWR
V0,2021-05,2021-05-31,601555.7031548838,307500.0,4.703300689555845,,EXACT_FLOW_ADJUSTED_TWR
V0,2021-06,2021-06-30,585381.4062858745,310000.0,-3.085745168723364,,EXACT_FLOW_ADJUSTED_TWR
V0,2021-07,2021-07-30,574841.0529794099,312500.0,-2.2220937600131663,,EXACT_FLOW_ADJUSTED_TWR
V0,2021-08,2021-08-31,601846.8603458222,315000.0,4.249440239990787,,EXACT_FLOW_ADJUSTED_TWR
V0,2021-09,2021-09-30,582712.1924747952,317500.0,-3.574796985019435,,EXACT_FLOW_ADJUSTED_TWR
V0,2021-10,2021-10-29,570520.0258053511,320000.0,-2.506404364222914,,EXACT_FLOW_ADJUSTED_TWR
V0,2021-11,2021-11-30,590247.5238153322,322500.0,3.013236754581583,,EXACT_FLOW_ADJUSTED_TWR
V0,2021-12,2021-12-30,589949.6046561707,325000.0,-0.47355920393288287,,EXACT_FLOW_ADJUSTED_TWR
V0,2022-01,2022-01-31,624668.5769019877,327500.0,5.433171010548787,,EXACT_FLOW_ADJUSTED_TWR
V0,2022-02,2022-02-25,635307.6214109617,330000.0,1.296936006005156,,EXACT_FLOW_ADJUSTED_TWR
V0,2022-03,2022-03-31,688080.6413153092,332500.0,7.882786805168784,,EXACT_FLOW_ADJUSTED_TWR
V0,2022-04,2022-04-29,671256.563993854,335000.0,-2.792517182466958,,EXACT_FLOW_ADJUSTED_TWR
V0,2022-05,2022-05-31,688826.2304985073,337500.0,2.233028766291145,,EXACT_FLOW_ADJUSTED_TWR
V0,2022-06,2022-06-30,634716.008414255,340000.0,-8.189833958385073,,EXACT_FLOW_ADJUSTED_TWR
V0,2022-07,2022-07-29,665187.7083172774,342500.0,4.394951483811749,,EXACT_FLOW_ADJUSTED_TWR
V0,2022-08,2022-08-31,695845.0832871078,345000.0,4.21670796607696,,EXACT_FLOW_ADJUSTED_TWR
V0,2022-09,2022-09-30,690220.0323372402,347500.0,-1.161068113092012,,EXACT_FLOW_ADJUSTED_TWR
V0,2022-10,2022-10-31,741164.6096835656,350000.0,7.016890525624886,,EXACT_FLOW_ADJUSTED_TWR
V0,2022-11,2022-11-30,721442.7030408706,352500.0,-2.9847692556538075,,EXACT_FLOW_ADJUSTED_TWR
V0,2022-12,2022-12-29,713641.2193853458,355000.0,-1.424162114727412,,EXACT_FLOW_ADJUSTED_TWR
V0,2023-01,2023-01-31,738673.0645846124,357500.0,3.1371290191309686,,EXACT_FLOW_ADJUSTED_TWR
V0,2023-02,2023-02-28,709106.5347650786,360000.0,-4.329645077423516,,EXACT_FLOW_ADJUSTED_TWR
V0,2023-03,2023-03-31,720677.1745294108,362500.0,1.2734847233689006,,EXACT_FLOW_ADJUSTED_TWR
V0,2023-04,2023-04-28,761702.6390174199,365000.0,5.324889376673414,,EXACT_FLOW_ADJUSTED_TWR
V0,2023-05,2023-05-31,784055.4631699134,367500.0,2.5951021912691052,,EXACT_FLOW_ADJUSTED_TWR
V0,2023-06,2023-06-30,860795.2291478093,370000.0,9.43921776219636,,EXACT_FLOW_ADJUSTED_TWR
V0,2023-07,2023-07-31,858261.9808351218,372500.0,-0.5825527854032786,,EXACT_FLOW_ADJUSTED_TWR
V0,2023-08,2023-08-31,,375000.0,,,ND_MISSING_EXACT_MARK
V0,2023-09,2023-09-29,848956.203351985,377500.0,,,ND_MISSING_EXACT_MARK
V0,2023-10,2023-10-31,827517.6363210521,380000.0,-2.812920985154499,,EXACT_FLOW_ADJUSTED_TWR
V0,2023-11,2023-11-30,930157.404399672,382500.0,12.071585420976172,,EXACT_FLOW_ADJUSTED_TWR
V0,2023-12,2023-12-28,1008631.066248007,385000.0,8.147479932033729,,EXACT_FLOW_ADJUSTED_TWR
V0,2024-01,2024-01-31,984029.8702893582,387500.0,-2.6839938677540087,,EXACT_FLOW_ADJUSTED_TWR
V0,2024-02,2024-02-29,989116.3654553498,390000.0,0.26423549700334004,,EXACT_FLOW_ADJUSTED_TWR
V0,2024-03,2024-03-28,992213.2454956358,392500.0,0.059916173274365825,,EXACT_FLOW_ADJUSTED_TWR
V0,2024-04,2024-04-30,967369.1815935138,395000.0,-2.7503118832236995,,EXACT_FLOW_ADJUSTED_TWR
V0,2024-05,2024-05-31,964222.3253586214,397500.0,-0.578652497073584,,EXACT_FLOW_ADJUSTED_TWR
V0,2024-06,2024-06-28,983094.8565791677,400000.0,1.6952634803242939,,EXACT_FLOW_ADJUSTED_TWR
V0,2024-07,2024-07-31,1018813.6214783222,402500.0,3.3705300851359254,,EXACT_FLOW_ADJUSTED_TWR
V0,2024-08,2024-08-30,1095763.5226800356,405000.0,7.290605507706727,,EXACT_FLOW_ADJUSTED_TWR
V0,2024-09,2024-09-30,1081897.8688026364,407500.0,-1.4901999390149911,,EXACT_FLOW_ADJUSTED_TWR
V0,2024-10,2024-10-31,1049496.5211484737,410000.0,-3.218352765798127,,EXACT_FLOW_ADJUSTED_TWR
V0,2024-11,2024-11-29,1028852.9459443555,412500.0,-2.2024449665282053,,EXACT_FLOW_ADJUSTED_TWR
V0,2024-12,2024-12-30,982871.5592231634,415000.0,-4.702135670298491,,EXACT_FLOW_ADJUSTED_TWR
V0,2025-01,2025-01-31,1039441.5796536577,417500.0,5.485987233398992,,EXACT_FLOW_ADJUSTED_TWR
V0,2025-02,2025-02-28,1045401.6677590956,420000.0,0.33282382556985013,,EXACT_FLOW_ADJUSTED_TWR
V0,2025-03,2025-03-31,1084493.6020806462,422500.0,3.4932367987964064,,EXACT_FLOW_ADJUSTED_TWR
V0,2025-04,2025-04-30,1192362.7212923733,425000.0,9.695391207403127,,EXACT_FLOW_ADJUSTED_TWR
V0,2025-05,2025-05-30,1230286.480376212,427500.0,2.9634674294026997,,EXACT_FLOW_ADJUSTED_TWR
V0,2025-06,2025-06-30,1274447.5668592388,430000.0,3.3785464314746383,,EXACT_FLOW_ADJUSTED_TWR
V0,2025-07,2025-07-31,1205302.7658692943,432500.0,-5.609529035292593,,EXACT_FLOW_ADJUSTED_TWR
V0,2025-08,2025-08-29,1296040.8052224515,435000.0,7.304724010053354,,EXACT_FLOW_ADJUSTED_TWR
V0,2025-09,2025-09-30,1364463.3560443902,437500.0,5.075749988674105,,EXACT_FLOW_ADJUSTED_TWR
V0,2025-10,2025-10-31,1390123.7418671781,440000.0,1.692865222145823,,EXACT_FLOW_ADJUSTED_TWR
V0,2025-11,2025-11-28,1512482.3323563305,442500.0,8.608424889606825,,EXACT_FLOW_ADJUSTED_TWR
V0,2025-12,2025-12-30,1532041.8709783887,445000.0,1.1247763681315526,,EXACT_FLOW_ADJUSTED_TWR
V0,2026-01,2026-01-30,1655184.8436698264,447500.0,7.861213948129087,,EXACT_FLOW_ADJUSTED_TWR
V0,2026-02,2026-02-27,1725078.5453633834,450000.0,4.066919470317676,,EXACT_FLOW_ADJUSTED_TWR
V0,2026-03,2026-03-31,1692463.0392457028,452500.0,-2.0327390487868358,,EXACT_FLOW_ADJUSTED_TWR
V0,2026-04,2026-04-30,1699527.0971551652,455000.0,0.2707850619060981,,EXACT_FLOW_ADJUSTED_TWR
V0,2026-05,2026-05-29,1582757.6007774482,457500.0,-7.008380462162234,,EXACT_FLOW_ADJUSTED_TWR
V0,2026-06,2026-06-30,1645952.983888047,460000.0,3.8269886155916533,,EXACT_FLOW_ADJUSTED_TWR
BH padrão,2014-07,2014-07-31,106250.68615933007,102500.0,3.6657343727270364,3.6657343727270364,EXACT_FLOW_ADJUSTED_TWR
BH padrão,2014-08,2014-08-29,120594.87942277882,105000.0,10.90314241546344,14.968557027421504,EXACT_FLOW_ADJUSTED_TWR
BH padrão,2014-09,2014-09-30,110052.5776043264,107500.0,-10.613331068052323,2.76656344593873,EXACT_FLOW_ADJUSTED_TWR
BH padrão,2014-10,2014-10-31,116503.72976210137,110000.0,3.457013715675483,6.319217639393182,EXACT_FLOW_ADJUSTED_TWR
BH padrão,2014-11,2014-11-28,123583.22913218122,112500.0,3.8407398624985323,10.402662212765934,EXACT_FLOW_ADJUSTED_TWR
BH padrão,2014-12,2014-12-30,120153.79092652343,115000.0,-4.772443574700791,5.133757453694177,EXACT_FLOW_ADJUSTED_TWR
BH padrão,2015-01,2015-01-30,121241.25351425409,117500.0,-1.1953902725363785,3.8769987439407183,EXACT_FLOW_ADJUSTED_TWR
BH padrão,2015-02,2015-02-27,133269.6672047492,120000.0,7.728968100379263,11.905618840491261,EXACT_FLOW_ADJUSTED_TWR
BH padrão,2015-03,2015-03-31,136117.3106065688,122500.0,0.22817322174153443,12.160957496309411,EXACT_FLOW_ADJUSTED_TWR
BH padrão,2015-04,2015-04-30,148568.56894365296,125000.0,7.222292756217152,20.261550204869174,EXACT_FLOW_ADJUSTED_TWR
BH padrão,2015-05,2015-05-29,148902.7044828676,127500.0,-1.4127522105351842,18.562552495926,EXACT_FLOW_ADJUSTED_TWR
BH padrão,2015-06,2015-06-30,154349.34286748475,130000.0,1.9655849365084244,20.89300016812581,EXACT_FLOW_ADJUSTED_TWR
BH padrão,2015-07,2015-07-31,153789.492107811,132500.0,-1.9445616119934006,18.54216129526931,EXACT_FLOW_ADJUSTED_TWR
BH padrão,2015-08,2015-08-31,138883.71555431662,135000.0,-11.15858016070963,5.314539202898971,EXACT_FLOW_ADJUSTED_TWR
BH padrão,2015-09,2015-09-30,133578.25606557302,137500.0,-5.562481341877479,-0.5435623905465259,EXACT_FLOW_ADJUSTED_TWR
BH padrão,2015-10,2015-10-30,138362.21066309474,140000.0,1.677358389867667,1.1246785099591428,EXACT_FLOW_ADJUSTED_TWR
BH padrão,2015-11,2015-11-30,146977.0388477693,142500.0,4.448316036290811,5.623023800765181,EXACT_FLOW_ADJUSTED_TWR
BH padrão,2015-12,2015-12-30,142931.9865114683,145000.0,-4.361612257372327,1.016157048063726,EXACT_FLOW_ADJUSTED_TWR
BH padrão,2016-01,2016-01-29,149747.4945912315,147500.0,2.9194330676787006,3.9652561406231523,EXACT_FLOW_ADJUSTED_TWR
BH padrão,2016-02,2016-02-29,159585.49169209675,150000.0,4.860906240159779,9.018909763960803,EXACT_FLOW_ADJUSTED_TWR
BH padrão,2016-03,2016-03-31,188188.7831981296,152500.0,16.145792931871128,26.620877191033344,EXACT_FLOW_ADJUSTED_TWR
BH padrão,2016-04,2016-04-29,199637.60238543645,155000.0,4.706695378594983,32.58053616612013,EXACT_FLOW_ADJUSTED_TWR
BH padrão,2016-05,2016-05-31,190613.59630809826,157500.0,-5.704890664358386,25.01696153562285,EXACT_FLOW_ADJUSTED_TWR
BH padrão,2016-06,2016-06-30,203605.61958639452,160000.0,5.455269632085025,31.836973873231102,EXACT_FLOW_ADJUSTED_TWR
BH padrão,2016-07,2016-07-29,231331.04164749582,162500.0,12.244145083911139,47.979284228507545,EXACT_FLOW_ADJUSTED_TWR
BH padrão,2016-08,2016-08-31,227156.68231860883,165000.0,-2.85795923213622,43.75009661324982,EXACT_FLOW_ADJUSTED_TWR
BH padrão,2016-09,2016-09-30,237549.70203465593,167500.0,3.451221618049982,48.711231023534026,EXACT_FLOW_ADJUSTED_TWR
BH padrão,2016-10,2016-10-31,257438.53124935215,170000.0,7.262342703406377,59.511150258917446,EXACT_FLOW_ADJUSTED_TWR
BH padrão,2016-11,2016-11-30,232977.09837689754,172500.0,-10.401108881269295,42.92022184272237,EXACT_FLOW_ADJUSTED_TWR
BH padrão,2016-12,2016-12-29,234099.67299466114,175000.0,-0.6409052524500636,42.00423863411908,EXACT_FLOW_ADJUSTED_TWR
BH padrão,2017-01,2017-01-31,253878.31107713122,177500.0,7.2938805114660665,52.36185812130887,EXACT_FLOW_ADJUSTED_TWR
BH padrão,2017-02,2017-02-24,267994.5453609955,180000.0,4.521104915215157,59.25029757774452,EXACT_FLOW_ADJUSTED_TWR
BH padrão,2017-03,2017-03-31,267656.4419145209,182500.0,-1.0463716511483478,57.583947609521616,EXACT_FLOW_ADJUSTED_TWR
BH padrão,2017-04,2017-04-28,274408.9445635613,185000.0,1.5776656383212018,60.070095402467125,EXACT_FLOW_ADJUSTED_TWR
BH padrão,2017-05,2017-05-31,269655.27003055124,187500.0,-2.598377504944227,55.91087005138667,EXACT_FLOW_ADJUSTED_TWR
BH padrão,2017-06,2017-06-30,271295.4272826081,190000.0,-0.3188427095693669,55.41375960880164,EXACT_FLOW_ADJUSTED_TWR
BH padrão,2017-07,2017-07-31,281688.7212065412,192500.0,2.8903207454418878,59.90571574404602,EXACT_FLOW_ADJUSTED_TWR
BH padrão,2017-08,2017-08-31,298630.6863740342,195000.0,5.093989405163235,68.05129596229816,EXACT_FLOW_ADJUSTED_TWR
BH padrão,2017-09,2017-09-29,313884.69984441734,197500.0,4.247211918659666,75.18879063387092,EXACT_FLOW_ADJUSTED_TWR
BH padrão,2017-10,2017-10-31,320605.13358616375,200000.0,1.3358960527869002,77.52913077287391,EXACT_FLOW_ADJUSTED_TWR
BH padrão,2017-11,2017-11-30,319332.27757594624,202500.0,-1.17491787534022,75.4433092814873,EXACT_FLOW_ADJUSTED_TWR
BH padrão,2017-12,2017-12-28,336591.2573110737,205000.0,4.590181560740603,83.49647571367925,EXACT_FLOW_ADJUSTED_TWR
BH padrão,2018-01,2018-01-31,354027.09853252664,207500.0,4.4166346986493465,91.60084473084827,EXACT_FLOW_ADJUSTED_TWR
BH padrão,2018-02,2018-02-28,346809.39703638945,210000.0,-2.72756525217267,86.37480666710033,EXACT_FLOW_ADJUSTED_TWR
BH padrão,2018-03,2018-03-29,351059.5666791009,212500.0,0.5041935338406134,87.3144963910238,EXACT_FLOW_ADJUSTED_TWR
BH padrão,2018-04,2018-04-30,339996.25350560294,215000.0,-3.846245432630735,80.10992112892879,EXACT_FLOW_ADJUSTED_TWR
BH padrão,2018-05,2018-05-30,311364.84281443217,217500.0,-9.103609544771063,63.713417157956,EXACT_FLOW_ADJUSTED_TWR
BH padrão,2018-06,2018-06-29,303025.5079375503,220000.0,-3.4429600030287832,58.07682968561592,EXACT_FLOW_ADJUSTED_TWR
BH padrão,2018-07,2018-07-31,337079.1093030179,222500.0,10.327421047925212,74.40208946646109,EXACT_FLOW_ADJUSTED_TWR
BH padrão,2018-08,2018-08-31,331738.9909067746,225000.0,-2.307541543686531,70.37768879896515,EXACT_FLOW_ADJUSTED_TWR
BH padrão,2018-09,2018-09-28,330212.8403500852,227500.0,-1.2093631447692932,68.31720382372075,EXACT_FLOW_ADJUSTED_TWR
BH padrão,2018-10,2018-10-31,371505.977688812,230000.0,11.650517923408167,87.92702982338278,EXACT_FLOW_ADJUSTED_TWR
BH padrão,2018-11,2018-11-30,407960.99379301566,232500.0,9.08949359026563,105.00864515355572,EXACT_FLOW_ADJUSTED_TWR
BH padrão,2018-12,2018-12-28,403337.2556091373,235000.0,-1.736160700188738,101.44936562441029,EXACT_FLOW_ADJUSTED_TWR
BH padrão,2019-01,2019-01-31,456527.1211091293,237500.0,12.513160057828232,126.65704718047235,EXACT_FLOW_ADJUSTED_TWR
BH padrão,2019-02,2019-02-28,447519.5393191163,240000.0,-2.5056889097518242,120.9777266861003,EXACT_FLOW_ADJUSTED_TWR
BH padrão,2019-03,2019-03-29,436248.8777553052,242500.0,-3.06890609440561,114.19612776455156,EXACT_FLOW_ADJUSTED_TWR
BH padrão,2019-04,2019-04-30,452526.88001102617,245000.0,3.1418864074854946,120.92592678814627,EXACT_FLOW_ADJUSTED_TWR
BH padrão,2019-05,2019-05-31,477575.8194705845,247500.0,4.955104606215044,131.873037562749,EXACT_FLOW_ADJUSTED_TWR
BH padrão,2019-06,2019-06-28,492141.5237445389,250000.0,2.513487908196632,137.70113832425693,EXACT_FLOW_ADJUSTED_TWR
BH padrão,2019-07,2019-07-31,509254.9123997893,252500.0,2.9548468039857,144.72484281306888,EXACT_FLOW_ADJUSTED_TWR
BH padrão,2019-08,2019-08-30,519663.6925650661,255000.0,1.5499683713028123,148.51800047339196,EXACT_FLOW_ADJUSTED_TWR
BH padrão,2019-09,2019-09-30,536962.8685110089,257500.0,2.8328736642671215,155.55820145976594,EXACT_FLOW_ADJUSTED_TWR
BH padrão,2019-10,2019-10-31,558611.9789917957,260000.0,3.5473389523470455,164.62371708606574,EXACT_FLOW_ADJUSTED_TWR
BH padrão,2019-11,2019-11-29,571667.7599179458,262500.0,1.886327980052993,169.61538830331645,EXACT_FLOW_ADJUSTED_TWR
BH padrão,2019-12,2019-12-30,622173.6232060901,265000.0,8.35923604675568,192.1531750299676,EXACT_FLOW_ADJUSTED_TWR
BH padrão,2020-01,2020-01-31,639235.3147412256,267500.0,2.3384754256517315,198.9851052333047,EXACT_FLOW_ADJUSTED_TWR
BH padrão,2020-02,2020-02-28,621849.8576817783,270000.0,-3.0937364668680245,189.73529400219823,EXACT_FLOW_ADJUSTED_TWR
BH padrão,2020-03,2020-03-31,475602.73501129425,272500.0,-23.809847255836246,120.74976305402676,EXACT_FLOW_ADJUSTED_TWR
BH padrão,2020-04,2020-04-30,507019.4853875238,275000.0,6.031698100138305,134.0647223182163,EXACT_FLOW_ADJUSTED_TWR
BH padrão,2020-05,2020-05-29,547609.0465041089,277500.0,7.467729359904829,151.54404230795345,EXACT_FLOW_ADJUSTED_TWR
BH padrão,2020-06,2020-06-30,587092.8184182136,280000.0,6.726918421203298,168.46520482740658,EXACT_FLOW_ADJUSTED_TWR
BH padrão,2020-07,2020-07-31,674112.684620679,282500.0,14.348229365682275,206.98520818309163,EXACT_FLOW_ADJUSTED_TWR
BH padrão,2020-08,2020-08-31,620091.3662547001,285000.0,-8.357713146113477,181.32826508214953,EXACT_FLOW_ADJUSTED_TWR
BH padrão,2020-09,2020-09-30,615533.1067208048,287500.0,-1.1211024612030718,178.17428697825366,EXACT_FLOW_ADJUSTED_TWR
BH padrão,2020-10,2020-10-30,643703.774879252,290000.0,4.1602063063024275,189.74691120763478,EXACT_FLOW_ADJUSTED_TWR
BH padrão,2020-11,2020-11-30,704363.0468201847,292500.0,9.003070183722839,215.83302897882723,EXACT_FLOW_ADJUSTED_TWR
BH padrão,2020-12,2020-12-30,747900.741733878,295000.0,5.809101924740467,234.1800915442024,EXACT_FLOW_ADJUSTED_TWR
BH padrão,2021-01,2021-01-29,743680.179808043,297500.0,-0.9006051030547413,231.17044858636234,EXACT_FLOW_ADJUSTED_TWR
BH padrão,2021-02,2021-02-26,695750.2168406716,300000.0,-6.753575348902596,208.80460280778362,EXACT_FLOW_ADJUSTED_TWR
BH padrão,2021-03,2021-03-31,727661.5630365375,302500.0,4.204812468202923,221.78925724902982,EXACT_FLOW_ADJUSTED_TWR
BH padrão,2021-04,2021-04-30,725304.878788643,305000.0,-0.6690121895800316,219.63644789327478,EXACT_FLOW_ADJUSTED_TWR
BH padrão,2021-05,2021-05-31,767894.3224479798,307500.0,5.511392561087258,237.25286730498826,EXACT_FLOW_ADJUSTED_TWR
BH padrão,2021-06,2021-06-30,734587.8050461053,310000.0,-4.6445804169351295,221.58888667458854,EXACT_FLOW_ADJUSTED_TWR
BH padrão,2021-07,2021-07-30,746381.2682364875,312500.0,1.2604646170907063,225.64240080361765,EXACT_FLOW_ADJUSTED_TWR
BH padrão,2021-08,2021-08-31,757676.7902196174,315000.0,1.1791133401354292,229.4820937926304,EXACT_FLOW_ADJUSTED_TWR
BH padrão,2021-09,2021-09-30,756736.2370235758,317500.0,-0.4475834255276312,228.00738655073317,EXACT_FLOW_ADJUSTED_TWR
BH padrão,2021-10,2021-10-29,721440.3352129895,320000.0,-4.974459492182792,211.69079197539955,EXACT_FLOW_ADJUSTED_TWR
BH padrão,2021-11,2021-11-30,694764.7883241265,322500.0,-4.026836956892177,199.13951197290424,EXACT_FLOW_ADJUSTED_TWR
BH padrão,2021-12,2021-12-30,708829.3031753628,325000.0,1.6551755017945258,204.09079589126745,EXACT_FLOW_ADJUSTED_TWR
BH padrão,2022-01,2022-01-31,743973.0522711438,327500.0,4.582935566707302,218.02708113125163,EXACT_FLOW_ADJUSTED_TWR
BH padrão,2022-02,2022-02-25,721029.2296183205,330000.0,-3.4088315842923156,207.18607354304658,EXACT_FLOW_ADJUSTED_TWR
BH padrão,2022-03,2022-03-31,817587.2550177936,332500.0,13.002001238154048,247.12641062855033,EXACT_FLOW_ADJUSTED_TWR
BH padrão,2022-04,2022-04-29,745815.8961157579,335000.0,-9.053163993183444,215.7004874106963,EXACT_FLOW_ADJUSTED_TWR
BH padrão,2022-05,2022-05-31,757310.2580167346,337500.0,1.1964956154648876,219.47782990056655,EXACT_FLOW_ADJUSTED_TWR
BH padrão,2022-06,2022-06-30,716239.190215853,340000.0,-5.7325696476627215,201.16354079267512,EXACT_FLOW_ADJUSTED_TWR
BH padrão,2022-07,2022-07-29,769439.0797631538,342500.0,7.053881335067103,222.40725958467684,EXACT_FLOW_ADJUSTED_TWR
BH padrão,2022-08,2022-08-31,797497.2045393903,345000.0,3.311048983942677,233.08232187731272,EXACT_FLOW_ADJUSTED_TWR
BH padrão,2022-09,2022-09-30,815992.6662123858,347500.0,2.002128192841246,239.75105694898863,EXACT_FLOW_ADJUSTED_TWR
BH padrão,2022-10,2022-10-31,915353.3888133335,350000.0,11.85307744519597,280.0220128500241,EXACT_FLOW_ADJUSTED_TWR
BH padrão,2022-11,2022-11-30,848146.6154415989,352500.0,-7.595885775572486,251.15597483190487,EXACT_FLOW_ADJUSTED_TWR
BH padrão,2022-12,2022-12-29,842234.7346322676,355000.0,-0.9918471954284303,247.67304414395522,EXACT_FLOW_ADJUSTED_TWR
BH padrão,2023-01,2023-01-31,862765.1167454782,357500.0,2.1277721550783557,255.07073436796358,EXACT_FLOW_ADJUSTED_TWR
BH padrão,2023-02,2023-02-28,830083.526659127,360000.0,-4.06772059242625,240.62744898839884,EXACT_FLOW_ADJUSTED_TWR
BH padrão,2023-03,2023-03-31,864165.9758404294,362500.0,3.7921122305687227,253.54442414216214,EXACT_FLOW_ADJUSTED_TWR
BH padrão,2023-04,2023-04-28,903111.4303672097,365000.0,4.199851012057776,268.3927632175706,EXACT_FLOW_ADJUSTED_TWR
BH padrão,2023-05,2023-05-31,915375.5456448533,367500.0,1.0766912696316133,272.35921593708883,EXACT_FLOW_ADJUSTED_TWR
BH padrão,2023-06,2023-06-30,977206.4138035586,370000.0,6.465955740165019,296.43579803400644,EXACT_FLOW_ADJUSTED_TWR
BH padrão,2023-07,2023-07-31,976225.510541434,372500.0,-0.35567082318004317,295.0257915677585,EXACT_FLOW_ADJUSTED_TWR
BH padrão,2023-08,2023-08-31,914674.8508104207,375000.0,-6.544325887947455,269.1740164261203,EXACT_FLOW_ADJUSTED_TWR
BH padrão,2023-09,2023-09-29,916589.4603334911,377500.0,-0.061853795706723336,268.9456682841978,EXACT_FLOW_ADJUSTED_TWR
BH padrão,2023-10,2023-10-31,853621.6825431704,380000.0,-7.125685179901908,242.65576147738065,EXACT_FLOW_ADJUSTED_TWR
BH padrão,2023-11,2023-11-30,921528.3299714394,382500.0,7.642589600559702,268.8435350697696,EXACT_FLOW_ADJUSTED_TWR
BH padrão,2023-12,2023-12-28,987207.2187918745,385000.0,6.839224482174666,294.06957242117977,EXACT_FLOW_ADJUSTED_TWR
BH padrão,2024-01,2024-01-31,903118.3245706176,387500.0,-8.751920766367615,259.5809156785145,EXACT_FLOW_ADJUSTED_TWR
BH padrão,2024-02,2024-02-29,954503.3083928188,390000.0,5.399094354250433,278.99502859587517,EXACT_FLOW_ADJUSTED_TWR
BH padrão,2024-03,2024-03-28,980821.8758791268,392500.0,2.490679124177242,288.43457865478223,EXACT_FLOW_ADJUSTED_TWR
BH padrão,2024-04,2024-04-30,957711.8896735292,395000.0,-2.6073980037933486,278.3065432048943,EXACT_FLOW_ADJUSTED_TWR
BH padrão,2024-05,2024-05-31,941243.8996041991,397500.0,-1.9726346751063106,270.84393715543854,EXACT_FLOW_ADJUSTED_TWR
BH padrão,2024-06,2024-06-28,984146.0014568146,400000.0,4.283891454464817,286.7304888886412,EXACT_FLOW_ADJUSTED_TWR
BH padrão,2024-07,2024-07-31,1072802.8709091533,402500.0,8.732939877587897,320.503429971588,EXACT_FLOW_ADJUSTED_TWR
BH padrão,2024-08,2024-08-30,1157290.6667809475,405000.0,7.627363505490781,352.5767551285779,EXACT_FLOW_ADJUSTED_TWR
BH padrão,2024-09,2024-09-30,1121603.486870145,407500.0,-3.295290933083894,337.66303435158056,EXACT_FLOW_ADJUSTED_TWR
BH padrão,2024-10,2024-10-31,1099714.407467467,410000.0,-2.1670728946449835,328.1785573642667,EXACT_FLOW_ADJUSTED_TWR
BH padrão,2024-11,2024-11-29,1064601.2310282304,412500.0,-3.412761377099427,313.5658449335175,EXACT_FLOW_ADJUSTED_TWR
BH padrão,2024-12,2024-12-30,1012121.4449155709,415000.0,-5.154571889292936,292.24829614685757,EXACT_FLOW_ADJUSTED_TWR
BH padrão,2025-01,2025-01-31,1049859.1474345508,417500.0,3.472243900155614,305.8681136832812,EXACT_FLOW_ADJUSTED_TWR
BH padrão,2025-02,2025-02-28,999490.9070824995,420000.0,-5.025183192938343,285.472497448973,EXACT_FLOW_ADJUSTED_TWR
BH padrão,2025-03,2025-03-31,1003738.5306689386,422500.0,0.17548861833003304,286.1489578087885,EXACT_FLOW_ADJUSTED_TWR
BH padrão,2025-04,2025-04-30,1083227.467712487,425000.0,7.6505024809199185,315.6912934059963,EXACT_FLOW_ADJUSTED_TWR
BH padrão,2025-05,2025-05-30,1083380.9191999913,427500.0,-0.21801911636358806,314.7850069213122,EXACT_FLOW_ADJUSTED_TWR
BH padrão,2025-06,2025-06-30,1116516.988275818,430000.0,2.818687529292929,326.47650018478,EXACT_FLOW_ADJUSTED_TWR
BH padrão,2025-07,2025-07-31,1023126.2151140512,432500.0,-8.567893842970253,289.9364463837332,EXACT_FLOW_ADJUSTED_TWR
BH padrão,2025-08,2025-08-29,1103939.3157889103,435000.0,7.636617854432504,319.71440266921303,EXACT_FLOW_ADJUSTED_TWR
BH padrão,2025-09,2025-09-30,1119678.6213205692,437500.0,1.196098308294058,324.734599539206,EXACT_FLOW_ADJUSTED_TWR
BH padrão,2025-10,2025-10-31,1188975.857773685,440000.0,5.949018586430421,350.00213980879414,EXACT_FLOW_ADJUSTED_TWR
BH padrão,2025-11,2025-11-28,1260171.0739388352,442500.0,5.767780775771292,375.9572767192452,EXACT_FLOW_ADJUSTED_TWR
BH padrão,2025-12,2025-12-30,1276760.4261040108,445000.0,1.1148527724558432,381.2634996144551,EXACT_FLOW_ADJUSTED_TWR
BH padrão,2026-01,2026-01-30,1386848.6439287702,447500.0,8.409511144409109,421.735407248506,EXACT_FLOW_ADJUSTED_TWR
BH padrão,2026-02,2026-02-27,1391328.4334835364,450000.0,0.14466236392964849,422.4901620220897,EXACT_FLOW_ADJUSTED_TWR
BH padrão,2026-03,2026-03-31,1368955.724295435,452500.0,-1.7869242953754139,413.1536583759706,EXACT_FLOW_ADJUSTED_TWR
BH padrão,2026-04,2026-04-30,1336435.3879613616,455000.0,-2.553153417325149,400.05205821101544,EXACT_FLOW_ADJUSTED_TWR
BH padrão,2026-05,2026-05-29,1233384.1800477447,457500.0,-7.885744833244635,360.61922886710687,EXACT_FLOW_ADJUSTED_TWR
BH padrão,2026-06,2026-06-30,1270936.407901053,460000.0,2.833175829995138,373.6693815276797,EXACT_FLOW_ADJUSTED_TWR
BESST-10 BH,2014-07,2014-07-31,103200.75230138046,102500.0,0.6847968021097328,0.6847968021097328,EXACT_FLOW_ADJUSTED_TWR
BESST-10 BH,2014-08,2014-08-29,114969.03135927832,105000.0,8.78821555714,9.533193778347538,EXACT_FLOW_ADJUSTED_TWR
BESST-10 BH,2014-09,2014-09-30,104504.26894037095,107500.0,-11.058237680165862,-2.5792471283387797,EXACT_FLOW_ADJUSTED_TWR
BESST-10 BH,2014-10,2014-10-31,109000.89840570862,110000.0,1.8217211891062624,-0.8045126306888806,EXACT_FLOW_ADJUSTED_TWR
BESST-10 BH,2014-11,2014-11-28,112920.35117133358,112500.0,1.2557881259576353,0.4411725211807438,EXACT_FLOW_ADJUSTED_TWR
BESST-10 BH,2014-12,2014-12-30,108649.88720723253,115000.0,-5.964841883792316,-5.5499846059347435,EXACT_FLOW_ADJUSTED_TWR
BESST-10 BH,2015-01,2015-01-30,101202.83968810615,117500.0,-8.98634104059739,-14.037585102142181,EXACT_FLOW_ADJUSTED_TWR
BESST-10 BH,2015-02,2015-02-27,116397.8254473802,120000.0,12.282141212279353,-3.4795599149018197,EXACT_FLOW_ADJUSTED_TWR
BESST-10 BH,2015-03,2015-03-31,118021.17557801446,122500.0,-0.7542156895859353,-4.20753221768102,EXACT_FLOW_ADJUSTED_TWR
BESST-10 BH,2015-04,2015-04-30,125132.79735367035,125000.0,3.862646328772601,-0.5074079776466012,EXACT_FLOW_ADJUSTED_TWR
BESST-10 BH,2015-05,2015-05-29,120611.26409169531,127500.0,-5.469280860661918,-5.948937270901622,EXACT_FLOW_ADJUSTED_TWR
BESST-10 BH,2015-06,2015-06-30,121278.85365259644,130000.0,-1.475979351190193,-7.337111536358054,EXACT_FLOW_ADJUSTED_TWR
BESST-10 BH,2015-07,2015-07-31,118330.83230467231,132500.0,-4.409915448538637,-11.423466569778329,EXACT_FLOW_ADJUSTED_TWR
BESST-10 BH,2015-08,2015-08-31,106056.9193879542,135000.0,-12.239926240615961,-22.265168928131995,EXACT_FLOW_ADJUSTED_TWR
BESST-10 BH,2015-09,2015-09-30,104914.8932168622,137500.0,-3.416151294095704,-24.920708365756727,EXACT_FLOW_ADJUSTED_TWR
BESST-10 BH,2015-10,2015-10-30,112724.59226540985,140000.0,4.944578375683428,-21.20835394699364,EXACT_FLOW_ADJUSTED_TWR
BESST-10 BH,2015-11,2015-11-30,117669.97057780133,142500.0,2.2233194195074635,-19.456563979347564,EXACT_FLOW_ADJUSTED_TWR
BESST-10 BH,2015-12,2015-12-30,114115.45393871785,145000.0,-5.026783157021364,-23.50530785532,EXACT_FLOW_ADJUSTED_TWR
BESST-10 BH,2016-01,2016-01-29,112216.42416973798,147500.0,-3.8411799590004847,-26.443606639680574,EXACT_FLOW_ADJUSTED_TWR
BESST-10 BH,2016-02,2016-02-29,121675.91563979787,150000.0,6.1185771546717005,-21.943001959735618,EXACT_FLOW_ADJUSTED_TWR
BESST-10 BH,2016-03,2016-03-31,147846.13788639367,152500.0,19.134561011133975,-7.0071380462615735,EXACT_FLOW_ADJUSTED_TWR
BESST-10 BH,2016-04,2016-04-29,154277.9473373116,155000.0,2.6264259118831568,-4.56474942370686,EXACT_FLOW_ADJUSTED_TWR
BESST-10 BH,2016-05,2016-05-31,150660.66025853812,157500.0,-3.9082612561878616,-8.29460834672593,EXACT_FLOW_ADJUSTED_TWR
BESST-10 BH,2016-06,2016-06-30,167499.75311979378,160000.0,9.363530990108938,0.29225442032916327,EXACT_FLOW_ADJUSTED_TWR
BESST-10 BH,2016-07,2016-07-29,190356.89466996366,162500.0,11.979884406203034,12.30715056825964,EXACT_FLOW_ADJUSTED_TWR
BESST-10 BH,2016-08,2016-08-31,191037.88955313846,165000.0,-0.9466852925055336,11.243955291397878,EXACT_FLOW_ADJUSTED_TWR
BESST-10 BH,2016-09,2016-09-30,193672.79219971295,167500.0,0.0818983705526799,11.335062278119889,EXACT_FLOW_ADJUSTED_TWR
BESST-10 BH,2016-10,2016-10-31,213316.23736683317,170000.0,8.760398219163722,21.088457091237125,EXACT_FLOW_ADJUSTED_TWR
BESST-10 BH,2016-11,2016-11-30,199201.66405323852,172500.0,-7.726227350885962,11.732887600688159,EXACT_FLOW_ADJUSTED_TWR
BESST-10 BH,2016-12,2016-12-29,199867.00563501127,175000.0,-0.9717420402035049,10.64713215913895,EXACT_FLOW_ADJUSTED_TWR
BESST-10 BH,2017-01,2017-01-31,222224.69349607997,177500.0,9.807724461793832,21.49909800618417,EXACT_FLOW_ADJUSTED_TWR
BESST-10 BH,2017-02,2017-02-24,244771.2711175682,180000.0,8.927856600805573,32.34636324744851,EXACT_FLOW_ADJUSTED_TWR
BESST-10 BH,2017-03,2017-03-31,237863.81832083108,182500.0,-3.799606526637056,27.317722191731676,EXACT_FLOW_ADJUSTED_TWR
BESST-10 BH,2017-04,2017-04-28,229957.45090801577,185000.0,-4.321136331372644,21.81614984182867,EXACT_FLOW_ADJUSTED_TWR
BESST-10 BH,2017-05,2017-05-31,225052.89832722745,187500.0,-3.165260346096621,17.960351555743625,EXACT_FLOW_ADJUSTED_TWR
BESST-10 BH,2017-06,2017-06-30,235188.1375592388,190000.0,3.351983921755375,21.914363573938278,EXACT_FLOW_ADJUSTED_TWR
BESST-10 BH,2017-07,2017-07-31,248654.55745985347,192500.0,4.635344531033647,27.565514358407306,EXACT_FLOW_ADJUSTED_TWR
BESST-10 BH,2017-08,2017-08-31,262049.97355911764,195000.0,4.348701671988708,33.11295801419236,EXACT_FLOW_ADJUSTED_TWR
BESST-10 BH,2017-09,2017-09-29,271830.1237474936,197500.0,2.7598234661326826,36.78664066593138,EXACT_FLOW_ADJUSTED_TWR
BESST-10 BH,2017-10,2017-10-31,266472.4482422914,200000.0,-2.866973768359371,32.86500355941912,EXACT_FLOW_ADJUSTED_TWR
BESST-10 BH,2017-11,2017-11-30,265781.9748018087,202500.0,-1.1921888528407254,31.281001797657293,EXACT_FLOW_ADJUSTED_TWR
BESST-10 BH,2017-12,2017-12-28,281452.2556552078,205000.0,4.913012306464326,37.73085357202586,EXACT_FLOW_ADJUSTED_TWR
BESST-10 BH,2018-01,2018-01-31,313587.47730888263,207500.0,10.447761746909112,52.12064500521538,EXACT_FLOW_ADJUSTED_TWR
BESST-10 BH,2018-02,2018-02-28,318814.6402340268,210000.0,0.8680352590952456,53.44110584022377,EXACT_FLOW_ADJUSTED_TWR
BESST-10 BH,2018-03,2018-03-29,329285.4147667211,212500.0,2.4834565778802054,57.251749076384925,EXACT_FLOW_ADJUSTED_TWR
BESST-10 BH,2018-04,2018-04-30,332263.202938634,215000.0,0.1321947161402104,57.45962757970198,EXACT_FLOW_ADJUSTED_TWR
BESST-10 BH,2018-05,2018-05-30,300128.0207373742,217500.0,-10.353861594133784,41.156475673461124,EXACT_FLOW_ADJUSTED_TWR
BESST-10 BH,2018-06,2018-06-29,287880.1429365565,220000.0,-4.86223805982966,34.293111789351904,EXACT_FLOW_ADJUSTED_TWR
BESST-10 BH,2018-07,2018-07-31,307462.1298829898,222500.0,5.8819150512597895,42.19211854449494,EXACT_FLOW_ADJUSTED_TWR
BESST-10 BH,2018-08,2018-08-31,308898.11925362214,225000.0,-0.33930627195002394,41.709651768054854,EXACT_FLOW_ADJUSTED_TWR
BESST-10 BH,2018-09,2018-09-28,309529.05037909385,227500.0,-0.6051552865047438,40.852088318892996,EXACT_FLOW_ADJUSTED_TWR
BESST-10 BH,2018-10,2018-10-31,358823.6719657094,230000.0,14.988683512370615,61.963962057576616,EXACT_FLOW_ADJUSTED_TWR
BESST-10 BH,2018-11,2018-11-30,382831.221120934,232500.0,5.96501293689411,71.62513334741733,EXACT_FLOW_ADJUSTED_TWR
BESST-10 BH,2018-12,2018-12-28,406462.6646976726,235000.0,5.48436729496713,81.0376860306668,EXACT_FLOW_ADJUSTED_TWR
BESST-10 BH,2019-01,2019-01-31,450118.81916630996,237500.0,10.085944325619312,99.29704625210935,EXACT_FLOW_ADJUSTED_TWR
BESST-10 BH,2019-02,2019-02-28,441022.4385067955,240000.0,-2.5583697570880415,94.19829089402563,EXACT_FLOW_ADJUSTED_TWR
BESST-10 BH,2019-03,2019-03-29,443219.7921903739,242500.0,-0.07483956298356409,94.05295374179899,EXACT_FLOW_ADJUSTED_TWR
BESST-10 BH,2019-04,2019-04-30,468944.4359775972,245000.0,5.213058819693939,104.16904836171241,EXACT_FLOW_ADJUSTED_TWR
BESST-10 BH,2019-05,2019-05-31,468234.1164053861,247500.0,-0.6845510341333738,102.77140702977205,EXACT_FLOW_ADJUSTED_TWR
BESST-10 BH,2019-06,2019-06-28,485545.7465266506,250000.0,3.1496589026132504,109.15801470323943,EXACT_FLOW_ADJUSTED_TWR
BESST-10 BH,2019-07,2019-07-31,496908.5348974697,252500.0,1.8173204343669758,112.9590860445577,EXACT_FLOW_ADJUSTED_TWR
BESST-10 BH,2019-08,2019-08-30,502219.43055366894,255000.0,0.567839977728446,114.1683528713238,EXACT_FLOW_ADJUSTED_TWR
BESST-10 BH,2019-09,2019-09-30,507059.1556202475,257500.0,0.4649502473369038,115.16412915771639,EXACT_FLOW_ADJUSTED_TWR
BESST-10 BH,2019-10,2019-10-31,512462.9530274452,260000.0,0.5659767026644058,116.38190800123982,EXACT_FLOW_ADJUSTED_TWR
BESST-10 BH,2019-11,2019-11-29,527016.9181024878,262500.0,2.3440874329392125,121.45408911385096,EXACT_FLOW_ADJUSTED_TWR
BESST-10 BH,2019-12,2019-12-30,565900.4889264901,265000.0,6.871952045781726,136.67230792117752,EXACT_FLOW_ADJUSTED_TWR
BESST-10 BH,2020-01,2020-01-31,569384.7881115158,267500.0,0.17836325725382185,137.0944443586035,EXACT_FLOW_ADJUSTED_TWR
BESST-10 BH,2020-02,2020-02-28,535349.1220036497,270000.0,-6.385278376031501,121.95530407220159,EXACT_FLOW_ADJUSTED_TWR
BESST-10 BH,2020-03,2020-03-31,396853.56692399114,272500.0,-26.20889286853989,63.78327621187631,EXACT_FLOW_ADJUSTED_TWR
BESST-10 BH,2020-04,2020-04-30,414659.6366487733,275000.0,3.81510702274499,70.03178348471744,EXACT_FLOW_ADJUSTED_TWR
BESST-10 BH,2020-05,2020-05-29,459298.40201275545,277500.0,10.094197990600806,87.19512835661449,EXACT_FLOW_ADJUSTED_TWR
BESST-10 BH,2020-06,2020-06-30,483025.984539627,280000.0,4.598348842962352,95.80301337548276,EXACT_FLOW_ADJUSTED_TWR
BESST-10 BH,2020-07,2020-07-31,513222.5542591633,282500.0,5.713907978747312,106.99101737937214,EXACT_FLOW_ADJUSTED_TWR
BESST-10 BH,2020-08,2020-08-31,466674.87290857214,285000.0,-9.513312998782364,87.29931401670845,EXACT_FLOW_ADJUSTED_TWR
BESST-10 BH,2020-09,2020-09-30,443404.52487640636,287500.0,-5.4793691874235435,77.03649311622127,EXACT_FLOW_ADJUSTED_TWR
BESST-10 BH,2020-10,2020-10-30,433516.55480277195,290000.0,-2.7725112249857187,72.12813647225296,EXACT_FLOW_ADJUSTED_TWR
BESST-10 BH,2020-11,2020-11-30,494837.54979777633,292500.0,13.504364722849061,95.37294781210936,EXACT_FLOW_ADJUSTED_TWR
BESST-10 BH,2020-12,2020-12-30,537583.0489243761,295000.0,8.105702059552812,111.20929686672456,EXACT_FLOW_ADJUSTED_TWR
BESST-10 BH,2021-01,2021-01-29,508239.4131170689,297500.0,-5.903440167727969,98.74068239751854,EXACT_FLOW_ADJUSTED_TWR
BESST-10 BH,2021-02,2021-02-26,473053.30057429406,300000.0,-7.370657613961851,84.09218715834609,EXACT_FLOW_ADJUSTED_TWR
BESST-10 BH,2021-03,2021-03-31,503807.48784893303,302500.0,5.926241167686541,95.00193414021855,EXACT_FLOW_ADJUSTED_TWR
BESST-10 BH,2021-04,2021-04-30,515530.17848455504,305000.0,1.8146865928385436,98.54060809483695,EXACT_FLOW_ADJUSTED_TWR
BESST-10 BH,2021-05,2021-05-31,542290.2741409538,307500.0,4.689684927247129,107.85153706712532,EXACT_FLOW_ADJUSTED_TWR
BESST-10 BH,2021-06,2021-06-30,519429.59737189754,310000.0,-4.648495215589865,98.18956831103,EXACT_FLOW_ADJUSTED_TWR
BESST-10 BH,2021-07,2021-07-30,504335.4635058972,312500.0,-3.3753290732824293,91.50001819161486,EXACT_FLOW_ADJUSTED_TWR
BESST-10 BH,2021-08,2021-08-31,525696.6837112593,315000.0,3.7249435328980063,98.63328573474193,EXACT_FLOW_ADJUSTED_TWR
BESST-10 BH,2021-09,2021-09-30,516425.42770633986,317500.0,-2.22472210298037,94.21424712312496,EXACT_FLOW_ADJUSTED_TWR
BESST-10 BH,2021-10,2021-10-29,507944.2634976414,320000.0,-2.1121618392710317,90.11212790896278,EXACT_FLOW_ADJUSTED_TWR
BESST-10 BH,2021-11,2021-11-30,515456.2581801085,322500.0,0.9913522167537492,91.996808703306,EXACT_FLOW_ADJUSTED_TWR
BESST-10 BH,2021-12,2021-12-30,519492.19274786336,325000.0,0.29254810563701383,92.55849173005105,EXACT_FLOW_ADJUSTED_TWR
BESST-10 BH,2022-01,2022-01-31,545643.9664482798,327500.0,4.52441339856593,101.27063392996192,EXACT_FLOW_ADJUSTED_TWR
BESST-10 BH,2022-02,2022-02-25,556431.1917264563,330000.0,1.512311154925916,104.31447217847483,EXACT_FLOW_ADJUSTED_TWR
BESST-10 BH,2022-03,2022-03-31,603172.3053248071,332500.0,7.914208310506243,120.48434511519064,EXACT_FLOW_ADJUSTED_TWR
BESST-10 BH,2022-04,2022-04-29,582892.8610700378,335000.0,-3.751730630486738,112.21236640407595,EXACT_FLOW_ADJUSTED_TWR
BESST-10 BH,2022-05,2022-05-31,612474.62262388,337500.0,4.622534706549297,122.02195669269393,EXACT_FLOW_ADJUSTED_TWR
BESST-10 BH,2022-06,2022-06-30,553774.013659332,340000.0,-9.955470476703798,99.9186263423527,EXACT_FLOW_ADJUSTED_TWR
BESST-10 BH,2022-07,2022-07-29,580943.2475417155,342500.0,4.4407968855739055,108.79660647464604,EXACT_FLOW_ADJUSTED_TWR
BESST-10 BH,2022-08,2022-08-31,609120.79233171,345000.0,4.401148187838522,117.98605453677324,EXACT_FLOW_ADJUSTED_TWR
BESST-10 BH,2022-09,2022-09-30,604540.064081268,347500.0,-1.1543407524071236,115.46975267469084,EXACT_FLOW_ADJUSTED_TWR
BESST-10 BH,2022-10,2022-10-31,661482.837962452,350000.0,9.002591095706824,134.8676134429241,EXACT_FLOW_ADJUSTED_TWR
BESST-10 BH,2022-11,2022-11-30,647042.5019105624,352500.0,-2.5485221148641823,128.88196037367746,EXACT_FLOW_ADJUSTED_TWR
BESST-10 BH,2022-12,2022-12-29,642256.8465148655,355000.0,-1.1215085419553628,126.31502963709175,EXACT_FLOW_ADJUSTED_TWR
BESST-10 BH,2023-01,2023-01-31,662598.6563859152,357500.0,2.75630070059778,132.55295238453698,EXACT_FLOW_ADJUSTED_TWR
BESST-10 BH,2023-02,2023-02-28,641673.917080834,360000.0,-3.526963906276659,124.3508936909536,EXACT_FLOW_ADJUSTED_TWR
BESST-10 BH,2023-03,2023-03-31,652629.5566935919,362500.0,1.3132949421117424,127.2972826303794,EXACT_FLOW_ADJUSTED_TWR
BESST-10 BH,2023-04,2023-04-28,692062.8823708367,365000.0,5.634295494084562,140.10388318379952,EXACT_FLOW_ADJUSTED_TWR
BESST-10 BH,2023-05,2023-05-31,711678.1618383261,367500.0,2.4618471035547707,146.0148736774824,EXACT_FLOW_ADJUSTED_TWR
BESST-10 BH,2023-06,2023-06-30,774942.9947809582,370000.0,8.509376762335808,166.94920617008387,EXACT_FLOW_ADJUSTED_TWR
BESST-10 BH,2023-07,2023-07-31,772086.0544862248,372500.0,-0.6885725412865029,165.11106723721437,EXACT_FLOW_ADJUSTED_TWR
BESST-10 BH,2023-08,2023-08-31,744517.8735720825,375000.0,-3.886603552613066,154.8072510796024,EXACT_FLOW_ADJUSTED_TWR
BESST-10 BH,2023-09,2023-09-29,757693.519909339,377500.0,1.4331842689637497,158.45910851825425,EXACT_FLOW_ADJUSTED_TWR
BESST-10 BH,2023-10,2023-10-31,738422.7450644319,380000.0,-2.8645490900343074,151.0554204770838,EXACT_FLOW_ADJUSTED_TWR
BESST-10 BH,2023-11,2023-11-30,820188.1752242437,382500.0,10.70862910202135,177.94001429649487,EXACT_FLOW_ADJUSTED_TWR
BESST-10 BH,2023-12,2023-12-28,887591.6654970888,385000.0,7.890959468195868,199.8721481705291,EXACT_FLOW_ADJUSTED_TWR
BESST-10 BH,2024-01,2024-01-31,871241.0716211181,387500.0,-2.121330874670191,193.51086770685095,EXACT_FLOW_ADJUSTED_TWR
BESST-10 BH,2024-02,2024-02-29,890720.8640734175,390000.0,1.9448692979063598,199.2192704589,EXACT_FLOW_ADJUSTED_TWR
BESST-10 BH,2024-03,2024-03-28,917681.595101,392500.0,2.7388349358564046,207.41439237304303,EXACT_FLOW_ADJUSTED_TWR
BESST-10 BH,2024-04,2024-04-30,897158.6481617028,395000.0,-2.503561513218522,199.71808395949694,EXACT_FLOW_ADJUSTED_TWR
BESST-10 BH,2024-05,2024-05-31,880528.78497709,397500.0,-2.121940557201041,193.35824437869448,EXACT_FLOW_ADJUSTED_TWR
BESST-10 BH,2024-06,2024-06-28,905220.406502082,400000.0,2.5147099584437838,200.73535336400136,EXACT_FLOW_ADJUSTED_TWR
BESST-10 BH,2024-07,2024-07-31,968305.6101738979,402500.0,6.675374714000548,220.8105650985221,EXACT_FLOW_ADJUSTED_TWR
BESST-10 BH,2024-08,2024-08-30,1058267.2223298966,405000.0,9.008401862519811,249.7104700200177,EXACT_FLOW_ADJUSTED_TWR
BESST-10 BH,2024-09,2024-09-30,1056897.6521674374,407500.0,-0.36475139170940585,248.4348962136662,EXACT_FLOW_ADJUSTED_TWR
BESST-10 BH,2024-10,2024-10-31,1041097.7558990967,410000.0,-1.7275155906373185,242.41562905835417,EXACT_FLOW_ADJUSTED_TWR
BESST-10 BH,2024-11,2024-11-29,1030267.3964298994,412500.0,-1.2787755219352825,238.0369018106752,EXACT_FLOW_ADJUSTED_TWR
BESST-10 BH,2024-12,2024-12-30,973611.1299950293,415000.0,-5.730290971774366,218.6664037449523,EXACT_FLOW_ADJUSTED_TWR
BESST-10 BH,2025-01,2025-01-31,1041370.836114398,417500.0,6.685551372942444,239.97100987562928,EXACT_FLOW_ADJUSTED_TWR
BESST-10 BH,2025-02,2025-02-28,1045657.939117852,420000.0,0.17327330797487495,240.56008889059638,EXACT_FLOW_ADJUSTED_TWR
BESST-10 BH,2025-03,2025-03-31,1077870.5831601946,422500.0,2.8360624631965647,250.2185857362514,EXACT_FLOW_ADJUSTED_TWR
BESST-10 BH,2025-04,2025-04-30,1190845.8656842231,425000.0,10.227212226240368,286.0361837552354,EXACT_FLOW_ADJUSTED_TWR
BESST-10 BH,2025-05,2025-05-30,1255488.247180909,427500.0,5.204588310147851,306.1277778479013,EXACT_FLOW_ADJUSTED_TWR
BESST-10 BH,2025-06,2025-06-30,1332049.0495142026,430000.0,5.8860659373694,330.0327266420019,EXACT_FLOW_ADJUSTED_TWR
BESST-10 BH,2025-07,2025-07-31,1253976.1429912196,432500.0,-6.036299155130187,304.07466479692744,EXACT_FLOW_ADJUSTED_TWR
BESST-10 BH,2025-08,2025-08-29,1358729.938750918,435000.0,8.1384285479831,336.9599926719276,EXACT_FLOW_ADJUSTED_TWR
BESST-10 BH,2025-09,2025-09-30,1424101.8482157572,437500.0,4.617643533327742,357.1372475167722,EXACT_FLOW_ADJUSTED_TWR
BESST-10 BH,2025-10,2025-10-31,1442652.46803782,440000.0,1.1232979648013064,362.2722609144768,EXACT_FLOW_ADJUSTED_TWR
BESST-10 BH,2025-11,2025-11-28,1529385.9494700024,442500.0,5.829843086039022,389.22200835607566,EXACT_FLOW_ADJUSTED_TWR
BESST-10 BH,2025-12,2025-12-30,1534212.2168834035,445000.0,0.1512106403406932,389.96176408759845,EXACT_FLOW_ADJUSTED_TWR
BESST-10 BH,2026-01,2026-01-30,1693136.4479137808,447500.0,10.178390865647113,439.831987528654,EXACT_FLOW_ADJUSTED_TWR
BESST-10 BH,2026-02,2026-02-27,1803709.61610963,450000.0,6.3761097782916165,474.2522676718145,EXACT_FLOW_ADJUSTED_TWR
BESST-10 BH,2026-03,2026-03-31,1807004.6132511757,452500.0,0.04312230252347948,474.49989847192785,EXACT_FLOW_ADJUSTED_TWR
BESST-10 BH,2026-04,2026-04-30,1785303.076968647,455000.0,-1.3371943184209312,466.8177184702272,EXACT_FLOW_ADJUSTED_TWR
BESST-10 BH,2026-05,2026-05-29,1648949.3467820976,457500.0,-7.76751133565795,422.7900879355346,EXACT_FLOW_ADJUSTED_TWR
BESST-10 BH,2026-06,2026-06-30,1767443.9220700825,460000.0,7.022018367235883,459.50050393245647,EXACT_FLOW_ADJUSTED_TWR
V10,2014-07,2014-07-31,103051.03248249053,102500.0,0.5337243886630816,0.5337243886630816,EXACT_FLOW_ADJUSTED_TWR
V10,2014-08,2014-08-29,114899.80501484308,105000.0,8.87234277794886,9.45342102386364,EXACT_FLOW_ADJUSTED_TWR
V10,2014-09,2014-09-30,104292.41849216884,107500.0,-11.184705922272698,-2.788622239522509,EXACT_FLOW_ADJUSTED_TWR
V10,2014-10,2014-10-31,108695.55484974913,110000.0,1.7369761063199096,-1.1000838351986286,EXACT_FLOW_ADJUSTED_TWR
V10,2014-11,2014-11-28,112588.77841427097,112500.0,1.2356787715888995,0.12200143396903229,EXACT_FLOW_ADJUSTED_TWR
V10,2014-12,2014-12-30,108105.19461449364,115000.0,-6.167176414521236,-6.0526990242133145,EXACT_FLOW_ADJUSTED_TWR
V10,2015-01,2015-01-30,100654.02217002327,117500.0,-9.026144536374625,-14.532518198310706,EXACT_FLOW_ADJUSTED_TWR
V10,2015-02,2015-02-27,115981.06830193574,120000.0,12.474026321063425,-3.871282022417888,EXACT_FLOW_ADJUSTED_TWR
V10,2015-03,2015-03-31,117354.86396620772,122500.0,-0.9711618611377815,-4.80484746901686,EXACT_FLOW_ADJUSTED_TWR
V10,2015-04,2015-04-30,123983.24979335803,125000.0,3.4797833374457188,-1.4922624131876727,EXACT_FLOW_ADJUSTED_TWR
V10,2015-05,2015-05-29,119498.1320512962,127500.0,-5.48515424628836,-6.895563764353307,EXACT_FLOW_ADJUSTED_TWR
V10,2015-06,2015-06-30,119692.13837730655,130000.0,-1.8779443222559422,-8.644013238409043,EXACT_FLOW_ADJUSTED_TWR
V10,2015-07,2015-07-31,116963.83535400734,132500.0,-4.289364938852813,-12.562604904103747,EXACT_FLOW_ADJUSTED_TWR
V10,2015-08,2015-08-31,104702.69411880444,135000.0,-12.368305343606634,-23.37712891405993,EXACT_FLOW_ADJUSTED_TWR
V10,2015-09,2015-09-30,104758.54744294375,137500.0,-2.34111295289412,-25.170956873932237,EXACT_FLOW_ADJUSTED_TWR
V10,2015-10,2015-10-30,112326.0059076407,140000.0,4.723849474388775,-21.636145513531336,EXACT_FLOW_ADJUSTED_TWR
V10,2015-11,2015-11-30,117744.69262195242,142500.0,2.640807323137917,-19.566707105559534,EXACT_FLOW_ADJUSTED_TWR
V10,2015-12,2015-12-30,114341.37832278573,145000.0,-4.902094506081445,-23.5096231375983,EXACT_FLOW_ADJUSTED_TWR
V10,2016-01,2016-01-29,112562.23055822156,147500.0,-3.7247053041849165,-26.358664261783204,EXACT_FLOW_ADJUSTED_TWR
V10,2016-02,2016-02-29,122228.17932084977,150000.0,6.281339044648493,-21.73300228705791,EXACT_FLOW_ADJUSTED_TWR
V10,2016-03,2016-03-31,148037.84773026715,152500.0,18.755429400210243,-7.053690787342893,EXACT_FLOW_ADJUSTED_TWR
V10,2016-04,2016-04-29,154624.80913758714,155000.0,2.7289101844271135,-4.517269489189579,EXACT_FLOW_ADJUSTED_TWR
V10,2016-05,2016-05-31,151702.38745619776,157500.0,-3.45542657684772,-7.816605135560007,EXACT_FLOW_ADJUSTED_TWR
V10,2016-06,2016-06-30,169527.85178847416,160000.0,9.941001398358363,1.3473474369681826,EXACT_FLOW_ADJUSTED_TWR
V10,2016-07,2016-07-29,194335.40086314132,162500.0,12.979331691490259,14.501555821339341,EXACT_FLOW_ADJUSTED_TWR
V10,2016-08,2016-08-31,195103.56429079175,165000.0,-0.8782751311724901,13.495917131754931,EXACT_FLOW_ADJUSTED_TWR
V10,2016-09,2016-09-30,197520.94504417104,167500.0,-0.02709383191008552,13.46516673874245,EXACT_FLOW_ADJUSTED_TWR
V10,2016-10,2016-10-31,220477.43524190065,170000.0,10.250496150593458,25.09590928756169,EXACT_FLOW_ADJUSTED_TWR
V10,2016-11,2016-11-30,202491.60778188272,172500.0,-9.21685679079729,13.565998477381447,EXACT_FLOW_ADJUSTED_TWR
V10,2016-12,2016-12-29,199244.35421631637,175000.0,-2.8699594993508826,10.306700316047168,EXACT_FLOW_ADJUSTED_TWR
V10,2017-01,2017-01-31,219910.35969896018,177500.0,8.998041580066406,20.23214307608434,EXACT_FLOW_ADJUSTED_TWR
V10,2017-02,2017-02-24,237797.87159175216,180000.0,6.918775792679677,28.550735486252464,EXACT_FLOW_ADJUSTED_TWR
V10,2017-03,2017-03-31,236152.72595035128,182500.0,-1.7224588520344475,26.336501963514113,EXACT_FLOW_ADJUSTED_TWR
V10,2017-04,2017-04-28,235221.3566611629,185000.0,-1.4284816496508812,24.53180821615448,EXACT_FLOW_ADJUSTED_TWR
V10,2017-05,2017-05-31,230168.0225703966,187500.0,-3.1571223833350537,20.60018662459038,EXACT_FLOW_ADJUSTED_TWR
V10,2017-06,2017-06-30,235837.04170442198,190000.0,1.356126367386823,22.23567755452416,EXACT_FLOW_ADJUSTED_TWR
V10,2017-07,2017-07-31,249617.61885327872,192500.0,4.7450992353234245,28.03588175545628,EXACT_FLOW_ADJUSTED_TWR
V10,2017-08,2017-08-31,263780.1059780229,195000.0,4.635446478863203,33.97091652797104,EXACT_FLOW_ADJUSTED_TWR
V10,2017-09,2017-09-29,274974.4857505395,197500.0,3.2739980201010654,38.35712168260805,EXACT_FLOW_ADJUSTED_TWR
V10,2017-10,2017-10-31,273243.4410350293,200000.0,-1.522562087164736,36.250548602976274,EXACT_FLOW_ADJUSTED_TWR
V10,2017-11,2017-11-30,268892.09198927775,202500.0,-2.496187246795023,32.849479785060524,EXACT_FLOW_ADJUSTED_TWR
V10,2017-12,2017-12-28,285344.72313563374,205000.0,5.143223174518341,39.682225016592824,EXACT_FLOW_ADJUSTED_TWR
V10,2018-01,2018-01-31,315996.63348700263,207500.0,9.789703568796204,53.356700784016155,EXACT_FLOW_ADJUSTED_TWR
V10,2018-02,2018-02-28,323972.5615499783,210000.0,1.7237908896941878,56.000249620866605,EXACT_FLOW_ADJUSTED_TWR
V10,2018-03,2018-03-29,331677.2656195699,212500.0,1.5956553358629222,58.48947592790144,EXACT_FLOW_ADJUSTED_TWR
V10,2018-04,2018-04-30,333150.579697281,215000.0,-0.3181826331167037,57.98518994018118,EXACT_FLOW_ADJUSTED_TWR
V10,2018-05,2018-05-30,297592.31788281305,217500.0,-11.346646020839025,40.05916967231864,EXACT_FLOW_ADJUSTED_TWR
V10,2018-06,2018-06-29,287094.39568747167,220000.0,-4.3188147487817075,34.01027359548934,EXACT_FLOW_ADJUSTED_TWR
V10,2018-07,2018-07-31,306507.934237284,222500.0,5.8375901889368365,41.833244179067044,EXACT_FLOW_ADJUSTED_TWR
V10,2018-08,2018-08-31,306164.87022661604,225000.0,-0.9159621612856217,40.53410533026294,EXACT_FLOW_ADJUSTED_TWR
V10,2018-09,2018-09-28,308373.8238414358,227500.0,-0.09923106676639204,40.39465183837312,EXACT_FLOW_ADJUSTED_TWR
V10,2018-10,2018-10-31,353809.8264637238,230000.0,13.802895294260775,59.773178630365734,EXACT_FLOW_ADJUSTED_TWR
V10,2018-11,2018-11-30,380897.69530644774,232500.0,6.9182114326648225,70.82662494070368,EXACT_FLOW_ADJUSTED_TWR
V10,2018-12,2018-12-28,394953.8444152719,235000.0,3.0150993767672496,75.97721744464336,EXACT_FLOW_ADJUSTED_TWR
V10,2019-01,2019-01-31,456404.68451545236,237500.0,14.858157751750166,102.12419001970888,EXACT_FLOW_ADJUSTED_TWR
V10,2019-02,2019-02-28,443511.51788763545,240000.0,-3.3499690454659836,95.35309222064978,EXACT_FLOW_ADJUSTED_TWR
V10,2019-03,2019-03-29,446807.7441403124,242500.0,0.17137167597292002,95.68787208885323,EXACT_FLOW_ADJUSTED_TWR
V10,2019-04,2019-04-30,467081.3052862652,245000.0,3.957032616377232,103.43130501370372,EXACT_FLOW_ADJUSTED_TWR
V10,2019-05,2019-05-31,471794.3085870282,247500.0,0.46914026207791615,104.38568317119352,EXACT_FLOW_ADJUSTED_TWR
V10,2019-06,2019-06-28,488833.8099346581,250000.0,3.069903159702081,110.66012571684469,EXACT_FLOW_ADJUSTED_TWR
V10,2019-07,2019-07-31,507009.01432655717,252500.0,3.191701317084239,117.38376772392054,EXACT_FLOW_ADJUSTED_TWR
V10,2019-08,2019-08-30,515334.891414796,255000.0,1.1474490886315358,119.87813578550157,EXACT_FLOW_ADJUSTED_TWR
V10,2019-09,2019-09-30,517022.25676770497,257500.0,-0.1584315873764508,119.52977936468288,EXACT_FLOW_ADJUSTED_TWR
V10,2019-10,2019-10-31,530531.7598272832,260000.0,2.116517256949524,124.17616502907963,EXACT_FLOW_ADJUSTED_TWR
V10,2019-11,2019-11-29,545917.0656811416,262500.0,2.4197774758710544,129.60072937672481,EXACT_FLOW_ADJUSTED_TWR
V10,2019-12,2019-12-30,597348.2552222284,265000.0,8.923703303909392,150.08961724991568,EXACT_FLOW_ADJUSTED_TWR
V10,2020-01,2020-01-31,598060.4595852329,267500.0,-0.29388443976570144,149.35464277934858,EXACT_FLOW_ADJUSTED_TWR
V10,2020-02,2020-02-28,570264.6112880916,270000.0,-5.041123057993568,136.78436838602136,EXACT_FLOW_ADJUSTED_TWR
V10,2020-03,2020-03-31,425231.5358711526,272500.0,-25.75069602823401,75.81074544056317,EXACT_FLOW_ADJUSTED_TWR
V10,2020-04,2020-04-30,437335.43462291965,275000.0,2.2293588225229755,79.73019780498578,EXACT_FLOW_ADJUSTED_TWR
V10,2020-05,2020-05-29,478264.7122611797,277500.0,8.73158071176292,95.42348508973926,EXACT_FLOW_ADJUSTED_TWR
V10,2020-06,2020-06-30,513335.8966146487,280000.0,6.779016722185949,108.67127582305125,EXACT_FLOW_ADJUSTED_TWR
V10,2020-07,2020-07-31,548284.2479370623,282500.0,6.299399476992962,121.8163130808831,EXACT_FLOW_ADJUSTED_TWR
V10,2020-08,2020-08-31,496906.53221339994,285000.0,-9.784503634051578,100.11268786656488,EXACT_FLOW_ADJUSTED_TWR
V10,2020-09,2020-09-30,470653.41411089763,287500.0,-5.746066608691736,88.61407952930868,EXACT_FLOW_ADJUSTED_TWR
V10,2020-10,2020-10-30,460455.3347459535,290000.0,-2.6793237476836707,83.56049770500495,EXACT_FLOW_ADJUSTED_TWR
V10,2020-11,2020-11-30,517062.2464173947,292500.0,11.695118432138507,105.02811530622816,EXACT_FLOW_ADJUSTED_TWR
V10,2020-12,2020-12-30,556117.7745843515,295000.0,7.049980183499005,119.48255680591875,EXACT_FLOW_ADJUSTED_TWR
V10,2021-01,2021-01-29,520479.2607185816,297500.0,-6.834670067802662,104.48164819185664,EXACT_FLOW_ADJUSTED_TWR
V10,2021-02,2021-02-26,483610.9265480055,300000.0,-7.5201977978176515,89.1042237875914,EXACT_FLOW_ADJUSTED_TWR
V10,2021-03,2021-03-31,516991.70342921425,302500.0,6.339594303309637,101.09266438614743,EXACT_FLOW_ADJUSTED_TWR
V10,2021-04,2021-04-30,519926.58418627427,305000.0,0.07700215684605105,101.24751007498394,EXACT_FLOW_ADJUSTED_TWR
V10,2021-05,2021-05-31,541554.5761123544,307500.0,3.6624316682183133,108.618062615471,EXACT_FLOW_ADJUSTED_TWR
V10,2021-06,2021-06-30,527243.6042227345,310000.0,-3.082447590445958,102.18752017114538,EXACT_FLOW_ADJUSTED_TWR
V10,2021-07,2021-07-30,516853.72711262066,312500.0,-2.435870118869543,97.26249478321311,EXACT_FLOW_ADJUSTED_TWR
V10,2021-08,2021-08-31,537902.122380942,315000.0,3.5744249390678773,104.31349459217176,EXACT_FLOW_ADJUSTED_TWR
V10,2021-09,2021-09-30,526753.5098853438,317500.0,-2.5230109378763133,99.15864277605392,EXACT_FLOW_ADJUSTED_TWR
V10,2021-10,2021-10-29,516844.46229635715,320000.0,-2.3404048035097325,94.49752433391838,EXACT_FLOW_ADJUSTED_TWR
V10,2021-11,2021-11-30,529085.8362578286,322500.0,1.884345985415825,98.16253062543774,EXACT_FLOW_ADJUSTED_TWR
V10,2021-12,2021-12-30,535119.8442193643,325000.0,0.6616816302528639,99.47373568863047,EXACT_FLOW_ADJUSTED_TWR
V10,2022-01,2022-01-31,563463.8889244711,327500.0,4.802035193581111,109.05253467834947,EXACT_FLOW_ADJUSTED_TWR
V10,2022-02,2022-02-25,569895.140997205,330000.0,0.6950519948003331,110.50555849081198,EXACT_FLOW_ADJUSTED_TWR
V10,2022-03,2022-03-31,622025.8886506228,332500.0,8.670905448994226,128.7582964324275,EXACT_FLOW_ADJUSTED_TWR
V10,2022-04,2022-04-29,598522.3240955609,335000.0,-4.156076000291908,119.25092777572277,EXACT_FLOW_ADJUSTED_TWR
V10,2022-05,2022-05-31,631075.1420358794,337500.0,4.998329363169973,130.20981127775931,EXACT_FLOW_ADJUSTED_TWR
V10,2022-06,2022-06-30,575152.8635616922,340000.0,-9.224879386768514,108.9732338508786,EXACT_FLOW_ADJUSTED_TWR
V10,2022-07,2022-07-29,602651.642207896,342500.0,4.333747636337337,118.02960643346876,EXACT_FLOW_ADJUSTED_TWR
V10,2022-08,2022-08-31,621840.847617971,345000.0,2.757073308001279,124.04084251598616,EXACT_FLOW_ADJUSTED_TWR
V10,2022-09,2022-09-30,616934.6479014641,347500.0,-1.1833445270333143,121.38966746775388,EXACT_FLOW_ADJUSTED_TWR
V10,2022-10,2022-10-31,671393.5174907164,350000.0,8.416625823644619,140.02320739072582,EXACT_FLOW_ADJUSTED_TWR
V10,2022-11,2022-11-30,653851.2141675393,352500.0,-2.9704692867068894,132.89339173421553,EXACT_FLOW_ADJUSTED_TWR
V10,2022-12,2022-12-29,647046.9182861866,355000.0,-1.4181537067432193,129.59060546657673,EXACT_FLOW_ADJUSTED_TWR
V10,2023-01,2023-01-31,673683.9557460363,357500.0,3.705749515074608,138.09865821531127,EXACT_FLOW_ADJUSTED_TWR
V10,2023-02,2023-02-28,651799.4208458754,360000.0,-3.6115939463442825,129.49950148888013,EXACT_FLOW_ADJUSTED_TWR
V10,2023-03,2023-03-31,654845.4080734198,362500.0,0.08217208709857537,129.68808601913437,EXACT_FLOW_ADJUSTED_TWR
V10,2023-04,2023-04-28,691531.160251864,365000.0,5.19649431224003,141.6238143450117,EXACT_FLOW_ADJUSTED_TWR
V10,2023-05,2023-05-31,701256.9460825415,367500.0,1.0383254888790328,144.1326559965577,EXACT_FLOW_ADJUSTED_TWR
V10,2023-06,2023-06-30,764379.3743726054,370000.0,8.615030624408249,165.1647590748424,EXACT_FLOW_ADJUSTED_TWR
V10,2023-07,2023-07-31,765762.750643444,372500.0,-0.14450243776610305,164.78158953388262,EXACT_FLOW_ADJUSTED_TWR
V10,2023-08,2023-08-31,755308.4565902594,375000.0,-1.6877392437278038,160.31276673715303,EXACT_FLOW_ADJUSTED_TWR
V10,2023-09,2023-09-29,770589.9029878877,377500.0,1.6900661521888738,164.712224697604,EXACT_FLOW_ADJUSTED_TWR
V10,2023-10,2023-10-31,753907.5465825831,380000.0,-2.4817046048542513,158.14284922767143,EXACT_FLOW_ADJUSTED_TWR
V10,2023-11,2023-11-30,839358.6861456012,382500.0,10.97614157738751,186.47697383080262,EXACT_FLOW_ADJUSTED_TWR
V10,2023-12,2023-12-28,903737.4722680529,385000.0,7.351202638835508,207.53647669070867,EXACT_FLOW_ADJUSTED_TWR
V10,2024-01,2024-01-31,880525.419050908,387500.0,-2.840519734211433,198.80084238041053,EXACT_FLOW_ADJUSTED_TWR
V10,2024-02,2024-02-29,897745.6787158363,390000.0,1.6688216882345897,203.7872956426825,EXACT_FLOW_ADJUSTED_TWR
V10,2024-03,2024-03-28,914498.0483757142,392500.0,1.583113217733989,208.59659247379844,EXACT_FLOW_ADJUSTED_TWR
V10,2024-04,2024-04-30,899887.9179647684,395000.0,-1.8673416938634002,202.83403963669343,EXACT_FLOW_ADJUSTED_TWR
V10,2024-05,2024-05-31,886786.3186020099,397500.0,-1.723698907253457,197.6140926046843,EXACT_FLOW_ADJUSTED_TWR
V10,2024-06,2024-06-28,905374.7578920744,400000.0,1.8106003492076583,203.00269440467588,EXACT_FLOW_ADJUSTED_TWR
V10,2024-07,2024-07-31,950074.2768832298,402500.0,4.647447202907484,217.08458465052033,EXACT_FLOW_ADJUSTED_TWR
V10,2024-08,2024-08-30,1040943.6939737033,405000.0,9.276931199427029,246.50030341253805,EXACT_FLOW_ADJUSTED_TWR
V10,2024-09,2024-09-30,1047232.7279123671,407500.0,0.3631316374005822,247.758555637918,EXACT_FLOW_ADJUSTED_TWR
V10,2024-10,2024-10-31,1019367.9904292304,410000.0,-2.8929135555917473,237.6982012411386,EXACT_FLOW_ADJUSTED_TWR
V10,2024-11,2024-11-29,1004863.9900579714,412500.0,-1.6658043256749133,232.07280999713734,EXACT_FLOW_ADJUSTED_TWR
V10,2024-12,2024-12-30,950383.9258349552,415000.0,-5.657561996001615,213.28558489968464,EXACT_FLOW_ADJUSTED_TWR
V10,2025-01,2025-01-31,1007209.6636081022,417500.0,5.700732297512645,231.14515742151235,EXACT_FLOW_ADJUSTED_TWR
V10,2025-02,2025-02-28,1010862.1684475804,420000.0,0.1159730739155096,231.5291966396964,EXACT_FLOW_ADJUSTED_TWR
V10,2025-03,2025-03-31,1045554.6532537175,422500.0,3.1794615743980126,242.07004005476597,EXACT_FLOW_ADJUSTED_TWR
V10,2025-04,2025-04-30,1152297.7773096818,425000.0,9.949305784370699,276.10363433653396,EXACT_FLOW_ADJUSTED_TWR
V10,2025-05,2025-05-30,1222384.5358903415,427500.0,5.849274170471541,298.10296707398555,EXACT_FLOW_ADJUSTED_TWR
V10,2025-06,2025-06-30,1313725.4616159296,430000.0,7.252227996646687,326.9743019076063,EXACT_FLOW_ADJUSTED_TWR
V10,2025-07,2025-07-31,1238861.7481322968,432500.0,-5.876454734457703,301.883350328239,EXACT_FLOW_ADJUSTED_TWR
V10,2025-08,2025-08-29,1323195.3758083174,435000.0,6.592331382399719,328.3768325525669,EXACT_FLOW_ADJUSTED_TWR
V10,2025-09,2025-09-30,1380719.4492903908,437500.0,4.149323432097907,346.15157284334936,EXACT_FLOW_ADJUSTED_TWR
V10,2025-10,2025-10-31,1386850.8592836729,440000.0,0.26057315885616994,347.31412408999375,EXACT_FLOW_ADJUSTED_TWR
V10,2025-11,2025-11-28,1471274.0854462045,442500.0,5.897340005294405,373.6937588792852,EXACT_FLOW_ADJUSTED_TWR
V10,2025-12,2025-12-30,1477758.5315524724,445000.0,0.2692591804123179,374.9692228121079,EXACT_FLOW_ADJUSTED_TWR
V10,2026-01,2026-01-30,1646482.988068672,447500.0,11.228934164615257,428.3032041438642,EXACT_FLOW_ADJUSTED_TWR
V10,2026-02,2026-02-27,1731967.776080577,450000.0,5.034408263389767,454.90014430903585,EXACT_FLOW_ADJUSTED_TWR
V10,2026-03,2026-03-31,1712683.208488271,452500.0,-1.2569377067185972,447.9253951605797,EXACT_FLOW_ADJUSTED_TWR
V10,2026-04,2026-04-30,1673256.0138051307,455000.0,-2.4435209095075794,434.5367235613288,EXACT_FLOW_ADJUSTED_TWR
V10,2026-05,2026-05-29,1565173.3871143197,457500.0,-6.5996324517993425,399.25926448639046,EXACT_FLOW_ADJUSTED_TWR
V10,2026-06,2026-06-30,1656388.433477688,460000.0,5.657104780030253,427.50288420239394,EXACT_FLOW_ADJUSTED_TWR
VVAL,2014-07,2014-07-31,100417.85633468228,102500.0,-2.0406759811711472,-2.0406759811711472,EXACT_FLOW_ADJUSTED_TWR
VVAL,2014-08,2014-08-29,114633.43521805608,105000.0,11.403510977569065,9.130126286868446,EXACT_FLOW_ADJUSTED_TWR
VVAL,2014-09,2014-09-30,103667.7577759664,107500.0,-11.509438912364622,-3.4301389331050425,EXACT_FLOW_ADJUSTED_TWR
VVAL,2014-10,2014-10-31,104338.19976388264,110000.0,-1.7625206201945742,-5.13220264730232,EXACT_FLOW_ADJUSTED_TWR
VVAL,2014-11,2014-11-28,109459.62497088309,112500.0,2.4327322143345764,-2.8243231800735957,EXACT_FLOW_ADJUSTED_TWR
VVAL,2014-12,2014-12-30,105520.06806700374,115000.0,-5.84178365101412,-8.501115981302377,EXACT_FLOW_ADJUSTED_TWR
VVAL,2015-01,2015-01-30,94441.74169591138,117500.0,-12.619135661592306,-20.047484284464833,EXACT_FLOW_ADJUSTED_TWR
VVAL,2015-02,2015-02-27,107261.49706338055,120000.0,10.711114520721733,-11.483678763975824,EXACT_FLOW_ADJUSTED_TWR
VVAL,2015-03,2015-03-31,114015.29826481803,122500.0,3.844277481163494,-8.08086575954501,EXACT_FLOW_ADJUSTED_TWR
VVAL,2015-04,2015-04-30,123699.0898781038,125000.0,6.219742171712062,-2.3637326033188133,EXACT_FLOW_ADJUSTED_TWR
VVAL,2015-05,2015-05-29,119990.57043102312,127500.0,-4.883948195319954,-7.132237322816792,EXACT_FLOW_ADJUSTED_TWR
VVAL,2015-06,2015-06-30,124174.78210673275,130000.0,1.401062098329997,-5.831102298379731,EXACT_FLOW_ADJUSTED_TWR
VVAL,2015-07,2015-07-31,124464.75092924674,132500.0,-1.7559730286396014,-7.484682743387405,EXACT_FLOW_ADJUSTED_TWR
VVAL,2015-08,2015-08-31,108750.01029751312,135000.0,-14.346492378130037,-20.75738568221015,EXACT_FLOW_ADJUSTED_TWR
VVAL,2015-09,2015-09-30,110980.81025230058,137500.0,-0.2994047053204718,-20.99464179809657,EXACT_FLOW_ADJUSTED_TWR
VVAL,2015-10,2015-10-30,116664.01160649184,140000.0,2.783779148225074,-18.795307110491454,EXACT_FLOW_ADJUSTED_TWR
VVAL,2015-11,2015-11-30,121849.03357933181,142500.0,2.349114288246734,-16.887716067097124,EXACT_FLOW_ADJUSTED_TWR
VVAL,2015-12,2015-12-30,119476.25726381599,145000.0,-3.9111144412749876,-20.138332606470367,EXACT_FLOW_ADJUSTED_TWR
VVAL,2016-01,2016-01-29,116419.03503818398,147500.0,-4.641184740283732,-23.844860126875012,EXACT_FLOW_ADJUSTED_TWR
VVAL,2016-02,2016-02-29,125190.9039994941,150000.0,5.316538119744507,-19.79604308537557,EXACT_FLOW_ADJUSTED_TWR
VVAL,2016-03,2016-03-31,149607.67904010252,152500.0,17.218016695311043,-5.9865123935154525,EXACT_FLOW_ADJUSTED_TWR
VVAL,2016-04,2016-04-29,161565.67085544515,155000.0,6.233613138681027,-0.12607527794537,EXACT_FLOW_ADJUSTED_TWR
VVAL,2016-05,2016-05-31,154613.0627608966,157500.0,-5.7772561012857215,-5.896047687543781,EXACT_FLOW_ADJUSTED_TWR
VVAL,2016-06,2016-06-30,175483.8274680528,160000.0,11.696299595326408,5.110632505964197,EXACT_FLOW_ADJUSTED_TWR
VVAL,2016-07,2016-07-29,202335.77390248055,162500.0,13.681426695435928,19.491266641376725,EXACT_FLOW_ADJUSTED_TWR
VVAL,2016-08,2016-08-31,208367.25475249926,165000.0,1.7159316270402458,21.541655077227094,EXACT_FLOW_ADJUSTED_TWR
VVAL,2016-09,2016-09-30,214449.99686620868,167500.0,1.7105592746909704,23.620697130763514,EXACT_FLOW_ADJUSTED_TWR
VVAL,2016-10,2016-10-31,245219.12841555604,170000.0,13.047970922417873,39.7506897464758,EXACT_FLOW_ADJUSTED_TWR
VVAL,2016-11,2016-11-30,223653.93971273868,172500.0,-9.737024932279647,26.143130242828683,EXACT_FLOW_ADJUSTED_TWR
VVAL,2016-12,2016-12-29,223758.45142888546,175000.0,-1.1163180312331322,24.734971734766088,EXACT_FLOW_ADJUSTED_TWR
VVAL,2017-01,2017-01-31,253510.07735024017,177500.0,12.042912753399992,39.756695553762114,EXACT_FLOW_ADJUSTED_TWR
VVAL,2017-02,2017-02-24,270471.58806725737,180000.0,5.648685708409551,47.65111204205292,EXACT_FLOW_ADJUSTED_TWR
VVAL,2017-03,2017-03-31,263842.7786642435,182500.0,-3.3419745189694483,42.71664950063248,EXACT_FLOW_ADJUSTED_TWR
VVAL,2017-04,2017-04-28,263346.4742389097,185000.0,-1.116538890610852,41.12316260558113,EXACT_FLOW_ADJUSTED_TWR
VVAL,2017-05,2017-05-31,258866.33861510264,187500.0,-2.6049899130363374,37.44691845474788,EXACT_FLOW_ADJUSTED_TWR
VVAL,2017-06,2017-06-30,261725.13729722938,190000.0,0.12875226660886696,37.6238844776424,EXACT_FLOW_ADJUSTED_TWR
VVAL,2017-07,2017-07-31,276452.3683554678,192500.0,4.636322692832695,44.00457186443718,EXACT_FLOW_ADJUSTED_TWR
VVAL,2017-08,2017-08-31,298252.098909733,195000.0,6.9290993403479995,53.98279170356686,EXACT_FLOW_ADJUSTED_TWR
VVAL,2017-09,2017-09-29,312909.6151259599,197500.0,4.054710988218013,60.22634887873623,EXACT_FLOW_ADJUSTED_TWR
VVAL,2017-10,2017-10-31,301137.2002915053,200000.0,-4.524250108532646,52.977308115692125,EXACT_FLOW_ADJUSTED_TWR
VVAL,2017-11,2017-11-30,286176.27171490603,202500.0,-5.756077868245358,44.17181513980726,EXACT_FLOW_ADJUSTED_TWR
VVAL,2017-12,2017-12-28,302222.26088542136,205000.0,4.69257602706612,50.93718717484394,EXACT_FLOW_ADJUSTED_TWR
VVAL,2018-01,2018-01-31,337509.25967368856,207500.0,10.769750134706534,67.19274509392896,EXACT_FLOW_ADJUSTED_TWR
VVAL,2018-02,2018-02-28,350886.9135506578,210000.0,3.2011715231332394,72.54487163862055,EXACT_FLOW_ADJUSTED_TWR
VVAL,2018-03,2018-03-29,361684.4854796825,212500.0,2.3516891654223437,76.60259069043789,EXACT_FLOW_ADJUSTED_TWR
VVAL,2018-04,2018-04-30,357796.0518249002,215000.0,-1.763406400081391,73.48836930349316,EXACT_FLOW_ADJUSTED_TWR
VVAL,2018-05,2018-05-30,316706.90748343756,217500.0,-12.107704254991825,52.48291063141819,EXACT_FLOW_ADJUSTED_TWR
VVAL,2018-06,2018-06-29,302873.33268373035,220000.0,-5.101430825316655,44.70410042512698,EXACT_FLOW_ADJUSTED_TWR
VVAL,2018-07,2018-07-31,323977.04211553815,222500.0,6.089173587256047,53.515384287890285,EXACT_FLOW_ADJUSTED_TWR
VVAL,2018-08,2018-08-31,323865.8166203739,225000.0,-0.7922370742551865,52.29917849887631,EXACT_FLOW_ADJUSTED_TWR
VVAL,2018-09,2018-09-28,329997.79627008055,227500.0,1.1121926380308178,53.99303874992223,EXACT_FLOW_ADJUSTED_TWR
VVAL,2018-10,2018-10-31,385361.3897753181,230000.0,15.889273710511542,78.46141417203147,EXACT_FLOW_ADJUSTED_TWR
VVAL,2018-11,2018-11-30,416108.1965322923,232500.0,7.296286708898103,91.48247061477701,EXACT_FLOW_ADJUSTED_TWR
VVAL,2018-12,2018-12-28,429858.001665785,235000.0,2.6900657503214243,96.63347497465442,EXACT_FLOW_ADJUSTED_TWR
VVAL,2019-01,2019-01-31,505645.819898281,237500.0,16.97242370609988,130.00694149538066,EXACT_FLOW_ADJUSTED_TWR
VVAL,2019-02,2019-02-28,496594.78358795505,240000.0,-2.2707950134102317,124.78395533740616,EXACT_FLOW_ADJUSTED_TWR
VVAL,2019-03,2019-03-29,498144.0331055366,242500.0,-0.1929717657426111,124.35018576968551,EXACT_FLOW_ADJUSTED_TWR
VVAL,2019-04,2019-04-30,521776.8950761747,245000.0,4.2223942643212276,133.82313514561872,EXACT_FLOW_ADJUSTED_TWR
VVAL,2019-05,2019-05-31,542696.1212690214,247500.0,3.5135894941360046,142.03872025695463,EXACT_FLOW_ADJUSTED_TWR
VVAL,2019-06,2019-06-28,555349.5393732499,250000.0,1.8642750833057997,146.55098781065726,EXACT_FLOW_ADJUSTED_TWR
VVAL,2019-07,2019-07-31,569535.2385874181,252500.0,2.0947229855117433,151.71554802333338,EXACT_FLOW_ADJUSTED_TWR
VVAL,2019-08,2019-08-30,575610.6397695313,255000.0,0.6290842132755436,153.2990507983082,EXACT_FLOW_ADJUSTED_TWR
VVAL,2019-09,2019-09-30,575016.4718440333,257500.0,-0.5361142516984607,151.94107848756158,EXACT_FLOW_ADJUSTED_TWR
VVAL,2019-10,2019-10-31,601098.1290664879,260000.0,4.080397087525167,162.22127491644756,EXACT_FLOW_ADJUSTED_TWR
VVAL,2019-11,2019-11-29,614325.1834091732,262500.0,1.780254427233685,166.88948077229622,EXACT_FLOW_ADJUSTED_TWR
VVAL,2019-12,2019-12-30,678625.5085800178,265000.0,10.018721313074487,193.6283940647841,EXACT_FLOW_ADJUSTED_TWR
VVAL,2020-01,2020-01-31,672889.440981778,267500.0,-1.20578135985151,190.0878776219196,EXACT_FLOW_ADJUSTED_TWR
VVAL,2020-02,2020-02-28,642981.3151258194,270000.0,-4.794748082544209,176.17889467194945,EXACT_FLOW_ADJUSTED_TWR
VVAL,2020-03,2020-03-31,469048.5666049188,272500.0,-27.327558012681564,100.70594701168973,EXACT_FLOW_ADJUSTED_TWR
VVAL,2020-04,2020-04-30,488428.6926589683,275000.0,3.556667739983399,107.84439068128266,EXACT_FLOW_ADJUSTED_TWR
VVAL,2020-05,2020-05-29,535558.6743673892,277500.0,9.081898685303402,126.72060766604294,EXACT_FLOW_ADJUSTED_TWR
VVAL,2020-06,2020-06-30,561637.0837272106,280000.0,4.384749988484571,136.6617394845719,EXACT_FLOW_ADJUSTED_TWR
VVAL,2020-07,2020-07-31,595921.5306078328,282500.0,5.643100161617287,150.01679848791207,EXACT_FLOW_ADJUSTED_TWR
VVAL,2020-08,2020-08-31,555036.9297600313,285000.0,-7.251160419270075,131.88767935443036,EXACT_FLOW_ADJUSTED_TWR
VVAL,2020-09,2020-09-30,525060.4701740737,287500.0,-5.816720944178511,118.39942014245169,EXACT_FLOW_ADJUSTED_TWR
VVAL,2020-10,2020-10-30,521132.32305847685,290000.0,-1.2149368778388459,115.74600504615482,EXACT_FLOW_ADJUSTED_TWR
VVAL,2020-11,2020-11-30,583220.9361104505,292500.0,11.39161510694433,140.32295954962146,EXACT_FLOW_ADJUSTED_TWR
VVAL,2020-12,2020-12-30,633829.1800111317,295000.0,8.225867769717233,160.09160842244435,EXACT_FLOW_ADJUSTED_TWR
VVAL,2021-01,2021-01-29,586646.430653613,297500.0,-7.814068759658466,139.76787130221294,EXACT_FLOW_ADJUSTED_TWR
VVAL,2021-02,2021-02-26,539214.2158865969,300000.0,-8.470189638296855,119.45907791120796,EXACT_FLOW_ADJUSTED_TWR
VVAL,2021-03,2021-03-31,587314.9659129679,302500.0,8.406211615018112,137.90727240879158,EXACT_FLOW_ADJUSTED_TWR
VVAL,2021-04,2021-04-30,579889.1986699651,305000.0,-1.692372057388325,133.88099620805045,EXACT_FLOW_ADJUSTED_TWR
VVAL,2021-05,2021-05-31,607996.590783393,307500.0,4.3962177037453865,144.16291396904484,EXACT_FLOW_ADJUSTED_TWR
VVAL,2021-06,2021-06-30,596623.1055006107,310000.0,-2.2667621018751305,138.62832156836055,EXACT_FLOW_ADJUSTED_TWR
VVAL,2021-07,2021-07-30,581254.3257228883,312500.0,-2.9852065672431816,131.50477324159965,EXACT_FLOW_ADJUSTED_TWR
VVAL,2021-08,2021-08-31,594779.2391163665,315000.0,1.8930083746390158,135.8871779867522,EXACT_FLOW_ADJUSTED_TWR
VVAL,2021-09,2021-09-30,587918.7055840124,317500.0,-1.5622872884674122,132.20194258994064,EXACT_FLOW_ADJUSTED_TWR
VVAL,2021-10,2021-10-29,577975.0310057561,320000.0,-2.1044143156769834,127.31545166879789,EXACT_FLOW_ADJUSTED_TWR
VVAL,2021-11,2021-11-30,583091.3491225934,322500.0,0.4583595238202287,128.3573736906368,EXACT_FLOW_ADJUSTED_TWR
VVAL,2021-12,2021-12-30,585466.2861702518,325000.0,-0.024700398566190884,128.3009685091799,EXACT_FLOW_ADJUSTED_TWR
VVAL,2022-01,2022-01-31,633253.5180573402,327500.0,7.699646508390967,145.87933605961973,EXACT_FLOW_ADJUSTED_TWR
VVAL,2022-02,2022-02-25,643995.6950945102,330000.0,1.2961789753168196,149.06637231827312,EXACT_FLOW_ADJUSTED_TWR
VVAL,2022-03,2022-03-31,691099.9524231016,332500.0,6.900274684975538,166.25263615613784,EXACT_FLOW_ADJUSTED_TWR
VVAL,2022-04,2022-04-29,663314.8948024901,335000.0,-4.359507093007908,154.64533359759045,EXACT_FLOW_ADJUSTED_TWR
VVAL,2022-05,2022-05-31,701051.7117725749,337500.0,5.2884601554076704,168.11215060250396,EXACT_FLOW_ADJUSTED_TWR
VVAL,2022-06,2022-06-30,643043.5514069854,340000.0,-8.601862539451355,145.0495119561098,EXACT_FLOW_ADJUSTED_TWR
VVAL,2022-07,2022-07-29,675803.2380060052,342500.0,4.691692718331408,156.54648206486127,EXACT_FLOW_ADJUSTED_TWR
VVAL,2022-08,2022-08-31,720137.1900841072,345000.0,6.166637515953388,172.36677367373164,EXACT_FLOW_ADJUSTED_TWR
VVAL,2022-09,2022-09-30,715568.2586374547,347500.0,-0.9744346205428078,169.7127375361993,EXACT_FLOW_ADJUSTED_TWR
VVAL,2022-10,2022-10-31,773996.8788613412,350000.0,7.814797351982095,190.79024140713665,EXACT_FLOW_ADJUSTED_TWR
VVAL,2022-11,2022-11-30,757796.6489652059,352500.0,-2.404235734779081,183.79895850997593,EXACT_FLOW_ADJUSTED_TWR
VVAL,2022-12,2022-12-29,749069.743134219,355000.0,-1.4767984285226077,179.60781995053705,EXACT_FLOW_ADJUSTED_TWR
VVAL,2023-01,2023-01-31,778179.7601112553,357500.0,3.531861074657261,189.48317970506784,EXACT_FLOW_ADJUSTED_TWR
VVAL,2023-02,2023-02-28,757755.015017917,360000.0,-2.939919462277585,180.97260736489855,EXACT_FLOW_ADJUSTED_TWR
VVAL,2023-03,2023-03-31,764015.2148120651,362500.0,0.4937161123860889,182.35981439885035,EXACT_FLOW_ADJUSTED_TWR
VVAL,2023-04,2023-04-28,804826.9598066877,365000.0,4.995453944183792,196.46496888402774,EXACT_FLOW_ADJUSTED_TWR
VVAL,2023-05,2023-05-31,839726.7757438937,367500.0,4.0098479011652755,208.3527632165142,EXACT_FLOW_ADJUSTED_TWR
VVAL,2023-06,2023-06-30,915886.6480501834,370000.0,8.747474925409971,235.32584386068754,EXACT_FLOW_ADJUSTED_TWR
VVAL,2023-07,2023-07-31,912780.5352422532,372500.0,-0.6085298988899757,233.28528584209013,EXACT_FLOW_ADJUSTED_TWR
VVAL,2023-08,2023-08-31,,375000.0,,,ND_MISSING_EXACT_MARK
VVAL,2023-09,2023-09-29,896745.3669438368,377500.0,,,ND_MISSING_EXACT_MARK
VVAL,2023-10,2023-10-31,874527.3215335184,380000.0,-2.7504372841962277,,EXACT_FLOW_ADJUSTED_TWR
VVAL,2023-11,2023-11-30,999991.512524925,382500.0,14.026643506122017,,EXACT_FLOW_ADJUSTED_TWR
VVAL,2023-12,2023-12-28,1084940.630255992,385000.0,8.225676478024525,,EXACT_FLOW_ADJUSTED_TWR
VVAL,2024-01,2024-01-31,1057367.1387380671,387500.0,-2.768281959746677,,EXACT_FLOW_ADJUSTED_TWR
VVAL,2024-02,2024-02-29,1061919.5981377615,390000.0,0.19486582920047457,,EXACT_FLOW_ADJUSTED_TWR
VVAL,2024-03,2024-03-28,1084404.1322107923,392500.0,1.8770017284105434,,EXACT_FLOW_ADJUSTED_TWR
VVAL,2024-04,2024-04-30,1053990.3112781493,395000.0,-3.030710016535143,,EXACT_FLOW_ADJUSTED_TWR
VVAL,2024-05,2024-05-31,1053250.4978938224,397500.0,-0.3044699495086012,,EXACT_FLOW_ADJUSTED_TWR
VVAL,2024-06,2024-06-28,1076724.23344925,400000.0,1.9875730939574288,,EXACT_FLOW_ADJUSTED_TWR
VVAL,2024-07,2024-07-31,1114564.5434516293,402500.0,3.272378943288312,,EXACT_FLOW_ADJUSTED_TWR
VVAL,2024-08,2024-08-30,1218518.1400910632,405000.0,9.08125011887886,,EXACT_FLOW_ADJUSTED_TWR
VVAL,2024-09,2024-09-30,1193323.6589602754,407500.0,-2.268084438030893,,EXACT_FLOW_ADJUSTED_TWR
VVAL,2024-10,2024-10-31,1173795.6987855409,410000.0,-1.842270185155248,,EXACT_FLOW_ADJUSTED_TWR
VVAL,2024-11,2024-11-29,1148527.4881385847,412500.0,-2.363005800872986,,EXACT_FLOW_ADJUSTED_TWR
VVAL,2024-12,2024-12-30,1092783.5155095514,415000.0,-5.060919461046054,,EXACT_FLOW_ADJUSTED_TWR
VVAL,2025-01,2025-01-31,1172317.6705500213,417500.0,7.032229072980467,,EXACT_FLOW_ADJUSTED_TWR
VVAL,2025-02,2025-02-28,1173936.2200158155,420000.0,-0.07398764262015467,,EXACT_FLOW_ADJUSTED_TWR
VVAL,2025-03,2025-03-31,1222290.0771962411,422500.0,3.899890211222967,,EXACT_FLOW_ADJUSTED_TWR
VVAL,2025-04,2025-04-30,1345367.2479586608,425000.0,9.846830670298857,,EXACT_FLOW_ADJUSTED_TWR
VVAL,2025-05,2025-05-30,1404243.9333541873,427500.0,4.180947874632968,,EXACT_FLOW_ADJUSTED_TWR
VVAL,2025-06,2025-06-30,1471312.9225938772,430000.0,4.589094934929161,,EXACT_FLOW_ADJUSTED_TWR
VVAL,2025-07,2025-07-31,1366468.6963656,432500.0,-7.282585276526077,,EXACT_FLOW_ADJUSTED_TWR
VVAL,2025-08,2025-08-29,1444991.5043362323,435000.0,5.552189885074776,,EXACT_FLOW_ADJUSTED_TWR
VVAL,2025-09,2025-09-30,1520685.0786577729,437500.0,5.055209622404444,,EXACT_FLOW_ADJUSTED_TWR
VVAL,2025-10,2025-10-31,1550271.0025747386,440000.0,1.7765841102272972,,EXACT_FLOW_ADJUSTED_TWR
VVAL,2025-11,2025-11-28,1642472.732158005,442500.0,5.777869388320989,,EXACT_FLOW_ADJUSTED_TWR
VVAL,2025-12,2025-12-30,1671696.4369849183,445000.0,1.6243881769072877,,EXACT_FLOW_ADJUSTED_TWR
VVAL,2026-01,2026-01-30,1860436.6851563146,447500.0,11.123418707180344,,EXACT_FLOW_ADJUSTED_TWR
VVAL,2026-02,2026-02-27,1913198.6065951036,450000.0,2.699643308471966,,EXACT_FLOW_ADJUSTED_TWR
VVAL,2026-03,2026-03-31,1874253.4479407712,452500.0,-2.1635148793455516,,EXACT_FLOW_ADJUSTED_TWR
VVAL,2026-04,2026-04-30,1851761.451084849,455000.0,-1.3302582260061868,,EXACT_FLOW_ADJUSTED_TWR
VVAL,2026-05,2026-05-29,1764473.5302503242,457500.0,-4.842877127130718,,EXACT_FLOW_ADJUSTED_TWR
VVAL,2026-06,2026-06-30,1868050.8535852598,460000.0,5.718458150022232,,EXACT_FLOW_ADJUSTED_TWR
IBOV,2014-07,2014-07-31,107630.19603346939,102500.0,5.005226806539698,5.005226806539698,EXACT_FLOW_ADJUSTED_TWR
IBOV,2014-08,2014-08-29,120894.60792277656,105000.0,9.77753481543151,15.272149415571935,EXACT_FLOW_ADJUSTED_TWR
IBOV,2014-09,2014-09-30,108959.80939590189,107500.0,-11.70237639739492,1.7825686095942483,EXACT_FLOW_ADJUSTED_TWR
IBOV,2014-10,2014-10-31,112575.66625311453,110000.0,0.9472617884772605,2.7467159893635795,EXACT_FLOW_ADJUSTED_TWR
IBOV,2014-11,2014-11-28,115308.25910790615,112500.0,0.17463379987772143,2.9261464837453843,EXACT_FLOW_ADJUSTED_TWR
IBOV,2014-12,2014-12-30,107761.473515055,115000.0,-8.618869234705063,-5.944923490009613,EXACT_FLOW_ADJUSTED_TWR
IBOV,2015-01,2015-01-30,103499.14657805169,117500.0,-6.198541376168054,-11.774966323867886,EXACT_FLOW_ADJUSTED_TWR
IBOV,2015-02,2015-02-27,116521.48631095553,120000.0,9.96725909275411,-2.981348632698233,EXACT_FLOW_ADJUSTED_TWR
IBOV,2015-03,2015-03-31,118049.87510500243,122500.0,-0.8392866732101378,-3.7956132441522072,EXACT_FLOW_ADJUSTED_TWR
IBOV,2015-04,2015-04-30,132458.95976830332,125000.0,9.930017814216008,5.757499498760743,EXACT_FLOW_ADJUSTED_TWR
IBOV,2015-05,2015-05-29,126587.05862628615,127500.0,-6.169212607359354,-0.7669054935448116,EXACT_FLOW_ADJUSTED_TWR
IBOV,2015-06,2015-06-30,129858.14826116255,130000.0,0.6072917849291315,-0.16427106267614677,EXACT_FLOW_ADJUSTED_TWR
IBOV,2015-07,2015-07-31,126846.92006228378,132500.0,-4.174968463220652,-4.332381260835872,EXACT_FLOW_ADJUSTED_TWR
IBOV,2015-08,2015-08-31,118599.90622227536,135000.0,-8.334354013593304,-12.305659282932535,EXACT_FLOW_ADJUSTED_TWR
IBOV,2015-09,2015-09-30,117093.09893147048,137500.0,-3.3590617327163286,-15.25136632371742,EXACT_FLOW_ADJUSTED_TWR
IBOV,2015-10,2015-10-30,121727.27173220894,140000.0,1.796453299138423,-13.728896698065107,EXACT_FLOW_ADJUSTED_TWR
IBOV,2015-11,2015-11-30,122088.41950279401,142500.0,-1.6317188084888135,-15.136598516933597,EXACT_FLOW_ADJUSTED_TWR
IBOV,2015-12,2015-12-30,119703.83425979306,145000.0,-3.9237275589113274,-18.46640718835424,EXACT_FLOW_ADJUSTED_TWR
IBOV,2016-01,2016-01-29,113971.61137439807,147500.0,-6.791171202926138,-24.00349306408979,EXACT_FLOW_ADJUSTED_TWR
IBOV,2016-02,2016-02-29,123344.02032130878,150000.0,5.909693092534063,-19.512332743131132,EXACT_FLOW_ADJUSTED_TWR
IBOV,2016-03,2016-03-31,147109.65875433944,152500.0,16.9683454589046,-5.854907311171987,EXACT_FLOW_ADJUSTED_TWR
IBOV,2016-04,2016-04-29,161105.55499270483,155000.0,7.701946268594706,1.3960971422402269,EXACT_FLOW_ADJUSTED_TWR
IBOV,2016-05,2016-05-31,147114.73461352612,157500.0,-10.088572727019784,-8.833321860314303,EXACT_FLOW_ADJUSTED_TWR
IBOV,2016-06,2016-06-30,159015.77026580813,160000.0,6.303100572086406,-3.086994448939606,EXACT_FLOW_ADJUSTED_TWR
IBOV,2016-07,2016-07-29,179600.12440706487,162500.0,11.219921547804535,7.786568743508826,EXACT_FLOW_ADJUSTED_TWR
IBOV,2016-08,2016-08-31,184008.68434390103,165000.0,1.034581438607396,8.901708577040978,EXACT_FLOW_ADJUSTED_TWR
IBOV,2016-09,2016-09-30,187995.04772435472,167500.0,0.80471700883058,9.778059148867534,EXACT_FLOW_ADJUSTED_TWR
IBOV,2016-10,2016-10-31,211845.77542567652,170000.0,11.234885305131126,22.111498184441803,EXACT_FLOW_ADJUSTED_TWR
IBOV,2016-11,2016-11-30,204441.59306299096,172500.0,-4.648722031171282,16.43487406574833,EXACT_FLOW_ADJUSTED_TWR
IBOV,2016-12,2016-12-29,201426.8562106105,175000.0,-2.7122742658871046,13.276840939944968,EXACT_FLOW_ADJUSTED_TWR
IBOV,2017-01,2017-01-31,219001.114758506,177500.0,7.377885901538317,21.634277017361157,EXACT_FLOW_ADJUSTED_TWR
IBOV,2017-02,2017-02-24,228314.92786950627,180000.0,3.079164964455372,25.379597060048333,EXACT_FLOW_ADJUSTED_TWR
IBOV,2017-03,2017-03-31,224992.89168954824,182500.0,-2.517232430421501,22.223501181720984,EXACT_FLOW_ADJUSTED_TWR
IBOV,2017-04,2017-04-28,228951.56129951146,185000.0,0.6450504939211177,23.011904479781364,EXACT_FLOW_ADJUSTED_TWR
IBOV,2017-05,2017-05-31,221878.44993625057,187500.0,-4.115652374408363,17.949162112254303,EXACT_FLOW_ADJUSTED_TWR
IBOV,2017-06,2017-06-30,225069.9198132195,190000.0,0.3005829715042596,18.303697208595683,EXACT_FLOW_ADJUSTED_TWR
IBOV,2017-07,2017-07-31,238481.86906287458,192500.0,4.801894182143496,23.984515562115895,EXACT_FLOW_ADJUSTED_TWR
IBOV,2017-08,2017-08-31,258924.19802212116,195000.0,7.4554962988673035,33.22817653101799,EXACT_FLOW_ADJUSTED_TWR
IBOV,2017-09,2017-09-29,274148.30450481916,197500.0,4.88239932067529,39.7329081169165,EXACT_FLOW_ADJUSTED_TWR
IBOV,2017-10,2017-10-31,276701.89294169407,200000.0,0.020176731477183907,39.76110165057251,EXACT_FLOW_ADJUSTED_TWR
IBOV,2017-11,2017-11-30,270435.0216985049,202500.0,-3.14567016501075,35.364678373660105,EXACT_FLOW_ADJUSTED_TWR
IBOV,2017-12,2017-12-28,289728.2322526253,205000.0,6.156772332852434,43.6987734402243,EXACT_FLOW_ADJUSTED_TWR
IBOV,2018-01,2018-01-31,324727.1573341998,207500.0,11.139251706236264,59.70574151250507,EXACT_FLOW_ADJUSTED_TWR
IBOV,2018-02,2018-02-28,328909.126184611,210000.0,0.5192391715255873,60.53499628161341,EXACT_FLOW_ADJUSTED_TWR
IBOV,2018-03,2018-03-29,331454.85579428123,212500.0,0.014012297079424307,60.557490922208835,EXACT_FLOW_ADJUSTED_TWR
IBOV,2018-04,2018-04-30,336909.4878265084,215000.0,0.8785041649114644,61.96799516703779,EXACT_FLOW_ADJUSTED_TWR
IBOV,2018-05,2018-05-30,302552.53754704463,217500.0,-10.871318171525445,44.35993907638816,EXACT_FLOW_ADJUSTED_TWR
IBOV,2018-06,2018-06-29,289175.27739111165,220000.0,-5.199872683512863,36.853406038419244,EXACT_FLOW_ADJUSTED_TWR
IBOV,2018-07,2018-07-31,317559.56021078135,222500.0,8.875338567163427,48.99960916502384,EXACT_FLOW_ADJUSTED_TWR
IBOV,2018-08,2018-08-31,309783.4374944011,225000.0,-3.209916531642598,44.21684607835288,EXACT_FLOW_ADJUSTED_TWR
IBOV,2018-09,2018-09-28,323153.19567193213,227500.0,3.4754640635920264,49.22905073745185,EXACT_FLOW_ADJUSTED_TWR
IBOV,2018-10,2018-10-31,358846.5399770639,230000.0,10.185117849302072,64.42820542045611,EXACT_FLOW_ADJUSTED_TWR
IBOV,2018-11,2018-11-30,369916.94189195154,232500.0,2.3797706682009645,68.34121962330136,EXACT_FLOW_ADJUSTED_TWR
IBOV,2018-12,2018-12-28,365681.1338853369,235000.0,-1.806354417784306,65.30038056568385,EXACT_FLOW_ADJUSTED_TWR
IBOV,2019-01,2019-01-31,407910.9624460681,237500.0,10.81667458779867,83.18038482386667,EXACT_FLOW_ADJUSTED_TWR
IBOV,2019-02,2019-02-28,402774.54608979286,240000.0,-1.8578194185971841,79.77722406354783,EXACT_FLOW_ADJUSTED_TWR
IBOV,2019-03,2019-03-29,404580.5090444646,242500.0,-0.17763368166442417,79.45787916164966,EXACT_FLOW_ADJUSTED_TWR
IBOV,2019-04,2019-04-30,411068.8965810318,245000.0,0.983885478275015,81.22353917434147,EXACT_FLOW_ADJUSTED_TWR
IBOV,2019-05,2019-05-31,416496.44204764115,247500.0,0.7026119387882224,82.49683739647493,EXACT_FLOW_ADJUSTED_TWR
IBOV,2019-06,2019-06-28,435996.94574048655,250000.0,4.05737093312688,89.90141103087532,EXACT_FLOW_ADJUSTED_TWR
IBOV,2019-07,2019-07-31,442157.18077790044,252500.0,0.8368361210373321,91.49057463274126,EXACT_FLOW_ADJUSTED_TWR
IBOV,2019-08,2019-08-30,441690.52992022363,255000.0,-0.66546098190855,90.21627957452789,EXACT_FLOW_ADJUSTED_TWR
IBOV,2019-09,2019-09-30,460062.1236867386,257500.0,3.5702021296171615,97.00738523877621,EXACT_FLOW_ADJUSTED_TWR
IBOV,2019-10,2019-10-31,473506.7371540683,260000.0,2.3624062631151466,101.66150004645647,EXACT_FLOW_ADJUSTED_TWR
IBOV,2019-11,2019-11-29,480483.2288521961,262500.0,0.9452076169119028,103.56761990527437,EXACT_FLOW_ADJUSTED_TWR
IBOV,2019-12,2019-12-30,516041.9813459231,265000.0,6.848226349603381,117.50839129088781,EXACT_FLOW_ADJUSTED_TWR
IBOV,2020-01,2020-01-31,510030.14076962386,267500.0,-1.6297846502072555,113.96347291671619,EXACT_FLOW_ADJUSTED_TWR
IBOV,2020-02,2020-02-28,469311.0798555778,270000.0,-8.429106851345768,95.9282631617159,EXACT_FLOW_ADJUSTED_TWR
IBOV,2020-03,2020-03-31,330678.80889351905,272500.0,-29.904329943380915,37.33722889350073,EXACT_FLOW_ADJUSTED_TWR
IBOV,2020-04,2020-04-30,367416.6980116219,275000.0,10.252197487365077,51.417312823337035,EXACT_FLOW_ADJUSTED_TWR
IBOV,2020-05,2020-05-29,401662.4383143284,277500.0,8.566702386620406,64.38878337473032,EXACT_FLOW_ADJUSTED_TWR
IBOV,2020-06,2020-06-30,439514.7462886336,280000.0,8.75629658114252,78.78315279315362,EXACT_FLOW_ADJUSTED_TWR
IBOV,2020-07,2020-07-31,478515.24675706984,282500.0,8.265059414562925,93.55968659473659,EXACT_FLOW_ADJUSTED_TWR
IBOV,2020-08,2020-08-31,464456.65728703764,285000.0,-3.442826625870754,86.89576216770101,EXACT_FLOW_ADJUSTED_TWR
IBOV,2020-09,2020-09-30,444496.10195868695,287500.0,-4.7960257283070185,77.93219332902257,EXACT_FLOW_ADJUSTED_TWR
IBOV,2020-10,2020-10-30,443897.49806042033,290000.0,-0.6881149489584959,76.70781530771585,EXACT_FLOW_ADJUSTED_TWR
IBOV,2020-11,2020-11-30,517325.32023004285,292500.0,15.902648575235979,104.80903818107893,EXACT_FLOW_ADJUSTED_TWR
IBOV,2020-12,2020-12-30,568092.51412623,295000.0,9.297099216003325,123.85033766411597,EXACT_FLOW_ADJUSTED_TWR
IBOV,2021-01,2021-01-29,551660.2134850078,297500.0,-3.3185864501646956,116.42167068974669,EXACT_FLOW_ADJUSTED_TWR
IBOV,2021-02,2021-02-26,529874.653913531,300000.0,-4.373413703515894,106.95665568642325,EXACT_FLOW_ADJUSTED_TWR
IBOV,2021-03,2021-03-31,564292.711153406,302500.0,5.9967644890265515,119.36735892230361,EXACT_FLOW_ADJUSTED_TWR
IBOV,2021-04,2021-04-30,577806.5035246711,305000.0,1.9377929470139499,123.6182441315508,EXACT_FLOW_ADJUSTED_TWR
IBOV,2021-05,2021-05-31,616036.7390662329,307500.0,6.158342602106215,137.38942172598598,EXACT_FLOW_ADJUSTED_TWR
IBOV,2021-06,2021-06-30,621367.9988458806,310000.0,0.4642289831861657,138.49145222465603,EXACT_FLOW_ADJUSTED_TWR
IBOV,2021-07,2021-07-30,599285.2654656306,312500.0,-3.9438521546169114,129.08570194751675,EXACT_FLOW_ADJUSTED_TWR
IBOV,2021-08,2021-08-31,586851.2082827857,315000.0,-2.479261423509649,123.40606851235569,EXACT_FLOW_ADJUSTED_TWR
IBOV,2021-09,2021-09-30,550628.653082469,317500.0,-6.568329976596421,108.7320207447231,EXACT_FLOW_ADJUSTED_TWR
IBOV,2021-10,2021-10-29,515816.1012231485,320000.0,-6.738557079666352,94.66649438329893,EXACT_FLOW_ADJUSTED_TWR
IBOV,2021-11,2021-11-30,510329.5412455928,322500.0,-1.5316416669992061,91.68490124363767,EXACT_FLOW_ADJUSTED_TWR
IBOV,2021-12,2021-12-30,527486.3681944034,325000.0,2.8523545743064593,97.1524342925154,EXACT_FLOW_ADJUSTED_TWR
IBOV,2022-01,2022-01-31,567025.1702486929,327500.0,6.98425833247156,110.9220696122609,EXACT_FLOW_ADJUSTED_TWR
IBOV,2022-02,2022-02-25,574571.5709225412,330000.0,0.8903145621177888,112.79993951273907,EXACT_FLOW_ADJUSTED_TWR
IBOV,2022-03,2022-03-31,611999.8665390188,332500.0,6.060785240203592,125.69728683788935,EXACT_FLOW_ADJUSTED_TWR
IBOV,2022-04,2022-04-29,552390.2195407391,335000.0,-10.102623158498591,102.89594046970177,EXACT_FLOW_ADJUSTED_TWR
IBOV,2022-05,2022-05-31,572791.425284658,337500.0,3.220683791488299,109.43057713799718,EXACT_FLOW_ADJUSTED_TWR
IBOV,2022-06,2022-06-30,509115.9259567789,340000.0,-11.502919923761457,85.33994555394189,EXACT_FLOW_ADJUSTED_TWR
IBOV,2022-07,2022-07-29,535605.6451194069,342500.0,4.691139154441348,94.03450030864313,EXACT_FLOW_ADJUSTED_TWR
IBOV,2022-08,2022-08-31,571294.2744122678,345000.0,6.163145549121518,105.99312897817543,EXACT_FLOW_ADJUSTED_TWR
IBOV,2022-09,2022-09-30,576466.5920951181,347500.0,0.46922615621503017,106.95970261934677,EXACT_FLOW_ADJUSTED_TWR
IBOV,2022-10,2022-10-31,610399.134431985,350000.0,5.4529853151841445,118.24518481152855,EXACT_FLOW_ADJUSTED_TWR
IBOV,2022-11,2022-11-30,594124.1705033007,352500.0,-3.060289004170047,111.56625141861073,EXACT_FLOW_ADJUSTED_TWR
IBOV,2022-12,2022-12-29,582065.0393812823,355000.0,-2.4460019517093645,106.39133677975319,EXACT_FLOW_ADJUSTED_TWR
IBOV,2023-01,2023-01-31,604335.199272181,357500.0,3.368071692975594,113.34274497058598,EXACT_FLOW_ADJUSTED_TWR
IBOV,2023-02,2023-02-28,561397.0007475631,360000.0,-7.4923472990607305,97.35836558004026,EXACT_FLOW_ADJUSTED_TWR
IBOV,2023-03,2023-03-31,547520.6866028808,362500.0,-2.906388932329751,91.62236388579508,EXACT_FLOW_ADJUSTED_TWR
IBOV,2023-04,2023-04-28,563793.5181836177,365000.0,2.5023311235917722,96.4173899370716,EXACT_FLOW_ADJUSTED_TWR
IBOV,2023-05,2023-05-31,587524.137125577,367500.0,3.7377947658195243,103.75906885729877,EXACT_FLOW_ADJUSTED_TWR
IBOV,2023-06,2023-06-30,643081.0177780906,370000.0,9.001637235292304,122.10072106984225,EXACT_FLOW_ADJUSTED_TWR
IBOV,2023-07,2023-07-31,666627.4313297222,372500.0,3.265372140879186,129.35313614034865,EXACT_FLOW_ADJUSTED_TWR
IBOV,2023-08,2023-08-31,635113.8674365047,375000.0,-5.085302983410767,117.68983426565734,EXACT_FLOW_ADJUSTED_TWR
IBOV,2023-09,2023-09-29,642103.7613490552,377500.0,0.7113764680196422,119.23842851989419,EXACT_FLOW_ADJUSTED_TWR
IBOV,2023-10,2023-10-31,625714.7253213424,380000.0,-2.935267884909365,112.80319333616977,EXACT_FLOW_ADJUSTED_TWR
IBOV,2023-11,2023-11-30,706941.9081438371,382500.0,12.539322791986507,139.48727266024724,EXACT_FLOW_ADJUSTED_TWR
IBOV,2023-12,2023-12-28,747612.9819690414,385000.0,5.382910320744849,152.37865777714603,EXACT_FLOW_ADJUSTED_TWR
IBOV,2024-01,2024-01-31,714178.597907335,387500.0,-4.794089126345035,140.27939998743634,EXACT_FLOW_ADJUSTED_TWR
IBOV,2024-02,2024-02-29,723776.1826450527,390000.0,0.9923423675882725,142.66379427409856,EXACT_FLOW_ADJUSTED_TWR
IBOV,2024-03,2024-03-28,721128.4864181592,392500.0,-0.7083551839474178,140.94487270779447,EXACT_FLOW_ADJUSTED_TWR
IBOV,2024-04,2024-04-30,711325.1962207964,395000.0,-1.7032053899072697,136.84108664913012,EXACT_FLOW_ADJUSTED_TWR
IBOV,2024-05,2024-05-31,692113.3761318147,397500.0,-3.038415414861917,129.6448705636565,EXACT_FLOW_ADJUSTED_TWR
IBOV,2024-06,2024-06-28,704903.0484432579,400000.0,1.4811533906877727,133.04626335055065,EXACT_FLOW_ADJUSTED_TWR
IBOV,2024-07,2024-07-31,728768.6002869789,402500.0,3.0226489237251686,140.0904337214978,EXACT_FLOW_ADJUSTED_TWR
IBOV,2024-08,2024-08-30,779120.5402414546,405000.0,6.542954620071595,155.79944184702845,EXACT_FLOW_ADJUSTED_TWR
IBOV,2024-09,2024-09-30,757574.1261799781,407500.0,-3.0790048028730976,147.9233647468359,EXACT_FLOW_ADJUSTED_TWR
IBOV,2024-10,2024-10-31,747934.6641372384,410000.0,-1.595483841014067,143.96778752420173,EXACT_FLOW_ADJUSTED_TWR
IBOV,2024-11,2024-11-29,727060.21056237,412500.0,-3.1188005118672035,136.35891891810581,EXACT_FLOW_ADJUSTED_TWR
IBOV,2024-12,2024-12-30,698309.3495087133,415000.0,-4.284652643401266,126.23176025076654,EXACT_FLOW_ADJUSTED_TWR
IBOV,2025-01,2025-01-31,734905.7312875951,417500.0,4.864794310769405,137.2374700525993,EXACT_FLOW_ADJUSTED_TWR
IBOV,2025-02,2025-02-28,717906.9781198879,420000.0,-2.644667686843949,130.96332734103214,EXACT_FLOW_ADJUSTED_TWR
IBOV,2025-03,2025-03-31,764168.7399723493,422500.0,6.075330037054827,144.9951117415631,EXACT_FLOW_ADJUSTED_TWR
IBOV,2025-04,2025-04-30,794946.2894998145,425000.0,3.690654826510209,154.03703565776715,EXACT_FLOW_ADJUSTED_TWR
IBOV,2025-05,2025-05-30,809014.9654188548,427500.0,1.450872852185836,157.7227900426234,EXACT_FLOW_ADJUSTED_TWR
IBOV,2025-06,2025-06-30,822345.2852588528,430000.0,1.3340327594740353,161.16089649042243,EXACT_FLOW_ADJUSTED_TWR
IBOV,2025-07,2025-07-31,790477.0296636474,432500.0,-4.165184300700164,150.28306383023556,EXACT_FLOW_ADJUSTED_TWR
IBOV,2025-08,2025-08-29,842755.0191093661,435000.0,6.27575269001035,165.99020994120193,EXACT_FLOW_ADJUSTED_TWR
IBOV,2025-09,2025-09-30,874034.5081913259,437500.0,3.4045276889224985,175.04592028847324,EXACT_FLOW_ADJUSTED_TWR
IBOV,2025-10,2025-10-31,896347.5608371166,440000.0,2.2589423663036845,181.2590491086594,EXACT_FLOW_ADJUSTED_TWR
IBOV,2025-11,2025-11-28,956123.9102163172,442500.0,6.373995313508196,199.18648771766308,EXACT_FLOW_ADJUSTED_TWR
IBOV,2025-12,2025-12-30,971004.8095732419,445000.0,1.2907603613530494,203.0482683076471,EXACT_FLOW_ADJUSTED_TWR
IBOV,2026-01,2026-01-30,1095794.448102633,447500.0,12.560734538577002,241.11335681352523,EXACT_FLOW_ADJUSTED_TWR
IBOV,2026-02,2026-02-27,1143226.4142920128,450000.0,4.092920366180941,255.07485486630947,EXACT_FLOW_ADJUSTED_TWR
IBOV,2026-03,2026-03-31,1137677.4729480203,452500.0,-0.7019234059467472,252.58250135137138,EXACT_FLOW_ADJUSTED_TWR
IBOV,2026-04,2026-04-30,1139293.8951642518,455000.0,-0.07692232189761006,252.31128670472725,EXACT_FLOW_ADJUSTED_TWR
IBOV,2026-05,2026-05-29,1059342.385780988,457500.0,-7.223105095708027,226.86347220200358,EXACT_FLOW_ADJUSTED_TWR
IBOV,2026-06,2026-06-30,1051091.036910799,460000.0,-1.0146702734471824,223.54688571481253,EXACT_FLOW_ADJUSTED_TWR
